; Generated by g3DTZ v2.1 - by guard3
;	A	B	C	D	E	F	G	H	I	J	K
brassknuckle,	1250.0,	2500.0,	0.99,	0.05,	50.0,	0.05,	1.0,	0,	0,	0,	0,	0
butt_knife,	1250.0,	2500.0,	0.99,	0.05,	50.0,	0.05,	1.0,	0,	0,	0,	0,	0
golfclub,	1250.0,	2500.0,	0.99,	0.05,	50.0,	0.05,	1.0,	0,	0,	0,	0,	0
nitestick,	1250.0,	2500.0,	0.99,	0.05,	50.0,	0.05,	1.0,	0,	0,	0,	0,	0
knifecur,	1250.0,	2500.0,	0.99,	0.05,	50.0,	0.05,	1.0,	0,	0,	0,	0,	0
bat,	1250.0,	2500.0,	0.99,	0.05,	50.0,	0.05,	1.0,	0,	0,	0,	0,	0
handaxe,	1250.0,	2500.0,	0.99,	0.05,	50.0,	0.05,	1.0,	0,	0,	0,	0,	0
gaff,	1250.0,	2500.0,	0.99,	0.05,	50.0,	0.05,	1.0,	0,	0,	0,	0,	0
machete,	1250.0,	2500.0,	0.99,	0.05,	50.0,	0.05,	1.0,	0,	0,	0,	0,	0
katana,	1250.0,	2500.0,	0.99,	0.05,	50.0,	0.05,	1.0,	0,	0,	0,	0,	0
chnsaw,	1250.0,	2500.0,	0.99,	0.05,	50.0,	0.05,	1.0,	0,	0,	0,	0,	0
grenade,	1250.0,	2500.0,	0.99,	0.05,	50.0,	0.05,	1.0,	0,	0,	0,	0,	0
teargas,	1250.0,	2500.0,	0.99,	0.05,	50.0,	0.05,	1.0,	0,	0,	0,	0,	0
molotov,	1250.0,	2500.0,	0.99,	0.05,	50.0,	0.05,	1.0,	0,	0,	0,	0,	0
beretta,	1250.0,	2500.0,	0.99,	0.05,	50.0,	0.05,	1.0,	0,	0,	0,	0,	0
python,	1250.0,	2500.0,	0.99,	0.05,	50.0,	0.05,	1.0,	0,	0,	0,	0,	0
ak47,	1250.0,	2500.0,	0.99,	0.05,	50.0,	0.05,	1.0,	0,	0,	0,	0,	0
chromegun,	1250.0,	2500.0,	0.99,	0.05,	50.0,	0.05,	1.0,	0,	0,	0,	0,	0
shotgspa,	1250.0,	2500.0,	0.99,	0.05,	50.0,	0.05,	1.0,	0,	0,	0,	0,	0
buddyshot,	1250.0,	2500.0,	0.99,	0.05,	50.0,	0.05,	1.0,	0,	0,	0,	0,	0
M16,	1250.0,	2500.0,	0.99,	0.05,	50.0,	0.05,	1.0,	0,	0,	0,	0,	0
skorpion,	1250.0,	2500.0,	0.99,	0.05,	50.0,	0.05,	1.0,	0,	0,	0,	0,	0
uzi,	1250.0,	2500.0,	0.99,	0.05,	50.0,	0.05,	1.0,	0,	0,	0,	0,	0
ingramsl,	1250.0,	2500.0,	0.99,	0.05,	50.0,	0.05,	1.0,	0,	0,	0,	0,	0
mplng,	1250.0,	2500.0,	0.99,	0.05,	50.0,	0.05,	1.0,	0,	0,	0,	0,	0
sniper,	1250.0,	2500.0,	0.99,	0.05,	50.0,	0.05,	1.0,	0,	0,	0,	0,	0
laser,	1250.0,	2500.0,	0.99,	0.05,	50.0,	0.05,	1.0,	0,	0,	0,	0,	0
rocketla,	1250.0,	2500.0,	0.99,	0.05,	50.0,	0.05,	1.0,	0,	0,	0,	0,	0
flame,	1250.0,	2500.0,	0.99,	0.05,	50.0,	0.05,	1.0,	0,	0,	0,	0,	0
m249,	1250.0,	2500.0,	0.99,	0.05,	50.0,	0.05,	1.0,	0,	0,	0,	0,	0
minigun,	1250.0,	2500.0,	0.99,	0.05,	50.0,	0.05,	1.0,	0,	0,	0,	0,	0
bomb,	1250.0,	2500.0,	0.99,	0.05,	50.0,	0.05,	1.0,	0,	0,	0,	0,	0
camera,	1250.0,	2500.0,	0.99,	0.05,	50.0,	0.05,	1.0,	0,	0,	0,	0,	0
minigun2,	1250.0,	2500.0,	0.99,	0.05,	50.0,	0.05,	1.0,	0,	0,	0,	0,	0
landmine,	99999.0,	99999.0,	0.99,	0.1,	50.0,	0.0,	1.0,	3,	0,	0,	0,	0
Columbiangate,	99999.0,	99999.0,	0.99,	0.1,	50.0,	0.0,	1.0,	0,	4,	0,	0,	0
bar_barrier12,	500.0,	5000.0,	0.99,	0.05,	50.0,	350.0,	1.0,	1,	4,	0,	0,	0
lhouse_barrier1,	250.0,	1500.0,	0.99,	0.05,	50.0,	350.0,	1.0,	1,	4,	0,	0,	0
bar_barrier10,	500.0,	5000.0,	0.99,	0.05,	50.0,	350.0,	1.0,	1,	4,	0,	0,	0
briefcase,	99999.0,	99999.0,	0.99,	0.1,	50.0,	0.0,	1.0,	0,	0,	0,	0,	0
fire_hydrant,	150.0,	50.0,	0.99,	0.03,	50.0,	100.0,	1.0,	1,	0,	0,	0,	0
money,	99999.0,	99999.0,	0.99,	0.1,	50.0,	0.0,	1.0,	0,	0,	0,	0,	0
bollardlight,	150.0,	50.0,	0.99,	0.03,	50.0,	100.0,	1.0,	0,	0,	0,	0,	0
barrel2,	250.0,	150.0,	0.99,	0.05,	50.0,	0.05,	1.0,	0,	0,	0,	0,	0
barrel1,	50.0,	50.0,	0.99,	0.05,	50.0,	0.05,	1.0,	0,	0,	0,	0,	0
cardboardbox2,	20.0,	20.0,	0.99,	0.03,	50.0,	0.05,	4.0,	3,	2,	0,	0,	2
cardboardbox4,	40.0,	80.0,	0.99,	0.04,	50.0,	0.05,	2.5,	3,	2,	0,	0,	2
barrel3,	100.0,	100.0,	0.99,	0.05,	50.0,	0.05,	1.0,	0,	0,	0,	0,	0
woodenbox,	250.0,	250.0,	0.99,	0.04,	50.0,	0.05,	1.5,	3,	0,	1,	0,	2
barrel4,	100.0,	100.0,	0.99,	0.05,	50.0,	0.05,	1.0,	0,	0,	0,	0,	0
lamppost3,	700.0,	6000.0,	0.99,	0.05,	50.0,	240.0,	1.0,	1,	1,	0,	0,	0
bin1,	200.0,	140.0,	0.99,	0.05,	50.0,	100.0,	1.0,	1,	0,	0,	0,	0
dump1,	900.0,	900.0,	0.99,	0.05,	50.0,	0.05,	1.0,	1,	0,	0,	0,	0
roadworkbarrier1,	30.0,	50.0,	0.99,	0.04,	50.0,	0.05,	1.0,	0,	0,	0,	0,	0
cardboardbox,	10.0,	10.0,	0.99,	0.03,	50.0,	0.05,	2.5,	3,	2,	0,	0,	2
Streetlamp2,	600.0,	4000.0,	0.99,	0.05,	50.0,	240.0,	1.0,	1,	1,	0,	0,	0
Streetlamp1,	600.0,	4000.0,	0.99,	0.05,	50.0,	240.0,	1.0,	1,	1,	0,	0,	0
noparkingsign1,	30.0,	50.0,	0.99,	0.05,	50.0,	100.0,	1.0,	0,	1,	0,	0,	0
phonesign,	30.0,	50.0,	0.99,	0.05,	50.0,	100.0,	1.0,	0,	1,	0,	0,	0
wastebin,	10.0,	10.0,	0.97,	0.1,	120.0,	0.05,	1.0,	1,	0,	0,	0,	0
trafficcone,	25.0,	50.0,	0.99,	0.03,	50.0,	10.0,	2.0,	3,	2,	0,	0,	1
info,	99999.0,	99999.0,	0.99,	0.1,	50.0,	0.0,	1.0,	0,	0,	0,	0,	0
health,	99999.0,	99999.0,	0.99,	0.1,	50.0,	0.0,	1.0,	0,	0,	0,	0,	0
adrenaline,	99999.0,	99999.0,	0.99,	0.1,	50.0,	0.0,	1.0,	0,	0,	0,	0,	0
bodyarmour,	99999.0,	99999.0,	0.99,	0.1,	50.0,	0.0,	1.0,	0,	0,	0,	0,	0
petrolpump,	250.0,	350.0,	0.99,	0.05,	50.0,	120.0,	1.0,	0,	0,	0,	0,	0
bribe,	99999.0,	99999.0,	0.99,	0.1,	50.0,	0.0,	1.0,	0,	0,	0,	0,	0
bonus,	99999.0,	99999.0,	0.99,	0.1,	50.0,	0.0,	1.0,	0,	0,	0,	0,	0
faketarget,	99999.0,	99999.0,	0.99,	0.1,	50.0,	0.0,	1.0,	0,	0,	0,	0,	0
smashbar,	99999.0,	99999.0,	0.99,	0.1,	50.0,	0.0,	1.0,	3,	0,	0,	0,	4
camerapickup,	99999.0,	99999.0,	0.99,	0.1,	50.0,	0.0,	1.0,	0,	0,	0,	0,	0
killfrenzy,	99999.0,	99999.0,	0.99,	0.1,	50.0,	0.0,	1.0,	0,	0,	0,	0,	0
parkingmeterg,	30.0,	50.0,	0.99,	0.05,	50.0,	100.0,	1.0,	0,	1,	0,	0,	0
gunbox,	20.0,	20.0,	0.99,	0.03,	50.0,	0.05,	99.9,	0,	2,	0,	0,	0
property_fsale,	99999.0,	99999.0,	0.99,	0.1,	50.0,	0.0,	1.0,	0,	0,	0,	0,	0
clothesp,	99999.0,	99999.0,	0.99,	0.1,	50.0,	0.0,	1.0,	0,	0,	0,	0,	0
pickupsave,	99999.0,	99999.0,	0.99,	0.1,	50.0,	0.0,	1.0,	0,	0,	0,	0,	0
postbox1,	200.0,	150.0,	0.99,	0.03,	50.0,	100.0,	1.0,	1,	0,	0,	0,	0
parkbench1,	50.0,	100.0,	0.99,	0.05,	50.0,	5.0,	1.0,	1,	0,	0,	0,	0
papermachn01,	50.0,	50.0,	0.99,	0.04,	50.0,	0.05,	1.0,	1,	0,	0,	0,	0
lamppost2,	1250.0,	12500.0,	0.99,	0.05,	50.0,	240.0,	1.0,	1,	1,	0,	0,	0
Barrierm,	30.0,	50.0,	0.99,	0.04,	50.0,	0.05,	0.5,	3,	4,	0,	0,	1
newstandnew1,	50.0,	100.0,	0.99,	0.05,	50.0,	1000.0,	2.0,	3,	1,	0,	0,	5
newstandnew4,	50.0,	100.0,	0.99,	0.05,	50.0,	1000.0,	2.0,	3,	1,	0,	0,	5
newstandnew3,	50.0,	100.0,	0.99,	0.05,	50.0,	1000.0,	2.0,	3,	1,	0,	0,	5
newstandnew5,	50.0,	100.0,	0.99,	0.05,	50.0,	1000.0,	2.0,	3,	1,	0,	0,	5
newstandnew2,	50.0,	100.0,	0.99,	0.05,	50.0,	1000.0,	2.0,	3,	1,	0,	0,	5
lamppost1,	600.0,	4000.0,	0.99,	0.05,	50.0,	240.0,	1.0,	1,	1,	0,	0,	0
doublestreetlght1,	700.0,	7000.0,	0.99,	0.05,	50.0,	240.0,	1.0,	1,	1,	0,	0,	0
MTraffic1,	1500.0,	12000.0,	0.99,	0.05,	50.0,	280.0,	1.0,	1,	1,	0,	6,	6
mlamppost,	600.0,	4000.0,	0.99,	0.05,	50.0,	240.0,	1.0,	1,	1,	0,	0,	0
MTraffic2,	1500.0,	12000.0,	0.99,	0.05,	50.0,	280.0,	1.0,	1,	1,	0,	6,	6
parkingmeter,	60.0,	100.0,	0.99,	0.05,	50.0,	100.0,	1.0,	0,	2,	0,	0,	0
bouy,	1250.0,	2500.0,	0.99,	0.05,	35.75,	0.0,	1.0,	0,	0,	0,	0,	0
trashcan,	99999.0,	99999.0,	0.99,	0.1,	50.0,	0.0,	1.0,	0,	0,	0,	0,	0
keycard,	99999.0,	99999.0,	0.99,	0.1,	50.0,	0.0,	1.0,	0,	0,	0,	0,	0
pizzabox,	10.0,	10.0,	0.99,	0.03,	50.0,	0.05,	2.0,	3,	2,	0,	0,	2
tar_gun1,	99999.0,	99999.0,	0.99,	0.1,	50.0,	0.0,	5.0,	3,	0,	0,	0,	2
tar_civ1,	99999.0,	99999.0,	0.99,	0.1,	50.0,	0.0,	5.0,	3,	0,	0,	0,	2
plc_stinger,	99999.0,	99999.0,	0.99,	0.1,	50.0,	0.0,	1.0,	0,	0,	0,	0,	0
waterjump1,	99999.0,	99999.0,	0.99,	0.1,	50.0,	0.0,	1.0,	0,	0,	1,	0,	0
wglasssmash,	9999.0,	99999.0,	0.99,	0.1,	50.0,	125.0,	1.0,	0,	4,	0,	0,	0
waterjumpx2,	99999.0,	99999.0,	0.99,	0.1,	50.0,	0.0,	1.0,	0,	0,	1,	0,	0
esc_step,	99999.0,	99999.0,	0.99,	0.1,	50.0,	0.0,	1.0,	0,	0,	0,	0,	0
washgaspump,	350.0,	500.0,	0.99,	0.05,	50.0,	120.0,	1.0,	0,	0,	0,	0,	0
dk_waretankdoor1,	99999.0,	99999.0,	0.99,	0.1,	50.0,	0.0,	1.0,	0,	4,	1,	0,	0
dk_camjonesdoor,	99999.0,	99999.0,	0.99,	0.1,	50.0,	0.0,	1.0,	0,	4,	1,	0,	0
dk_paynspraydoor,	99999.0,	99999.0,	0.99,	0.1,	50.0,	0.0,	1.0,	0,	4,	1,	0,	0
dks_sh_grg,	99999.0,	99999.0,	0.99,	0.1,	50.0,	0.0,	1.0,	0,	0,	0,	0,	0
haiwshpnsdoor,	99999.0,	99999.0,	0.99,	0.1,	50.0,	0.0,	1.0,	0,	4,	1,	0,	0
dr_htn_grgdrA,	99999.0,	99999.0,	0.99,	0.1,	50.0,	0.0,	1.0,	0,	0,	0,	0,	0
Haitin_sh_grg,	99999.0,	99999.0,	0.99,	0.1,	50.0,	0.0,	1.0,	0,	0,	0,	0,	0
dt_gspot_stairs,	99999.0,	99999.0,	0.99,	0.1,	50.0,	0.0,	1.0,	0,	4,	1,	0,	0
me_bombdoor,	99999.0,	99999.0,	0.99,	0.1,	50.0,	0.0,	1.0,	0,	0,	0,	0,	0
golf_gatesclosed,	99999.0,	99999.0,	0.99,	0.1,	50.0,	0.0,	1.0,	0,	4,	0,	0,	0
golf_gatesopen,	99999.0,	99999.0,	0.99,	0.1,	50.0,	0.0,	1.0,	0,	4,	0,	0,	0
ci_jetygatesopen,	99999.0,	99999.0,	0.99,	0.1,	50.0,	0.0,	1.0,	0,	4,	1,	0,	0
ci_jetygatesclosed,	99999.0,	99999.0,	0.99,	0.1,	50.0,	0.0,	1.0,	0,	4,	1,	0,	0
comgate2open,	99999.0,	99999.0,	0.99,	0.1,	50.0,	0.0,	1.0,	0,	4,	0,	0,	0
comgate1open,	99999.0,	99999.0,	0.99,	0.1,	50.0,	0.0,	1.0,	0,	4,	0,	0,	0
comgate1closed,	99999.0,	99999.0,	0.99,	0.1,	50.0,	0.0,	1.0,	0,	4,	0,	0,	0
comgate2closed,	99999.0,	99999.0,	0.99,	0.1,	50.0,	0.0,	1.0,	0,	4,	0,	0,	0
dr_diaz_grg,	99999.0,	99999.0,	0.99,	0.1,	50.0,	0.0,	1.0,	0,	0,	0,	0,	0
svegrgedoor,	99999.0,	99999.0,	0.99,	0.1,	50.0,	0.0,	1.0,	0,	4,	1,	0,	0
wshpnsdoor,	99999.0,	99999.0,	0.99,	0.1,	50.0,	0.0,	1.0,	0,	4,	1,	0,	0
pm_gardoorwna,	99999.0,	99999.0,	0.99,	0.1,	50.0,	0.0,	1.0,	0,	0,	0,	0,	0
pm_fairlights_dum,	99999.0,	99999.0,	0.99,	0.1,	50.0,	0.0,	1.0,	0,	0,	0,	0,	0
pm_gardrsafe4,	99999.0,	99999.0,	0.99,	0.1,	50.0,	0.0,	1.0,	0,	0,	0,	0,	0
nbecpnsdoor,	99999.0,	99999.0,	0.99,	0.1,	50.0,	0.0,	1.0,	0,	4,	1,	0,	0
wh_prop09,	99999.0,	99999.0,	0.99,	0.1,	50.0,	0.0,	1.0,	0,	0,	0,	0,	0
wh_prop04,	99999.0,	99999.0,	0.99,	0.1,	50.0,	0.0,	1.0,	0,	0,	0,	0,	0
wh_prop13,	99999.0,	99999.0,	0.99,	0.1,	50.0,	0.0,	1.0,	0,	0,	0,	0,	0
wh_debris,	99999.0,	99999.0,	0.99,	0.1,	50.0,	0.0,	1.0,	0,	0,	0,	0,	0
dr_bigskipjump,	99999.0,	99999.0,	0.99,	0.1,	50.0,	0.0,	1.0,	0,	0,	0,	0,	0
pm_destwin,	9999.0,	99999.0,	0.99,	0.1,	50.0,	125.0,	1.0,	0,	4,	0,	0,	0
LOD_fltanks_dest,	99999.0,	99999.0,	0.99,	0.1,	50.0,	0.0,	1.0,	0,	0,	0,	0,	0
pm_fairbwseat,	99999.0,	99999.0,	0.99,	0.1,	50.0,	0.0,	1.0,	0,	0,	0,	0,	0
ndc_golfball,	1250.0,	2500.0,	0.99,	0.05,	50.0,	0.05,	1.0,	0,	0,	0,	0,	0
ndc_boatrampNarrow,	99999.0,	99999.0,	0.99,	0.1,	50.0,	0.0,	1.0,	0,	0,	0,	0,	0
ndc_buoyRightArrow,	1250.0,	2500.0,	0.99,	0.05,	35.75,	0.0,	1.0,	0,	0,	0,	0,	0
ndc_buoyLeftArrow,	1250.0,	2500.0,	0.99,	0.05,	35.75,	0.0,	1.0,	0,	0,	0,	0,	0
ndc_boatrampHump,	99999.0,	99999.0,	0.99,	0.1,	50.0,	0.0,	1.0,	0,	0,	0,	0,	0
ndc_navalmine,	99999.0,	99999.0,	0.99,	0.1,	50.0,	0.0,	1.0,	0,	0,	0,	0,	0
ndc_ammobox,	50.0,	50.0,	0.99,	0.05,	50.0,	0.05,	1.0,	0,	0,	0,	0,	0
jm_umb4_exit02,	99999.0,	99999.0,	0.99,	0.1,	50.0,	0.0,	1.0,	0,	0,	0,	0,	0
jm_umb4_exit01,	99999.0,	99999.0,	0.99,	0.1,	50.0,	0.0,	1.0,	0,	0,	0,	0,	0
jm_umb4_exit03,	99999.0,	99999.0,	0.99,	0.1,	50.0,	0.0,	1.0,	0,	0,	0,	0,	0
jm_umb4_shut,	99999.0,	99999.0,	0.99,	0.1,	50.0,	0.0,	1.0,	0,	0,	0,	0,	0
gd_dildo,	99999.0,	99999.0,	0.99,	0.1,	50.0,	0.0,	1.0,	0,	0,	0,	0,	0
ndc_buoyTarget,	1250.0,	2500.0,	0.99,	0.05,	35.75,	0.0,	1.0,	0,	0,	0,	0,	0
pinata_man,	99999.0,	99999.0,	0.99,	0.1,	50.0,	0.0,	1.0,	0,	0,	0,	0,	0
pm_hotgateleft,	99999.0,	99999.0,	0.99,	0.1,	50.0,	0.0,	1.0,	0,	4,	0,	0,	0
sjl_crate,	900.0,	900.0,	0.99,	0.05,	50.0,	0.0,	1.0,	1,	0,	0,	0,	0
sjl_bobohand_04,	99999.0,	99999.0,	0.99,	0.1,	50.0,	0.0,	1.0,	0,	0,	0,	0,	0
sjl_bobohand_02,	99999.0,	99999.0,	0.99,	0.1,	50.0,	0.0,	1.0,	0,	0,	0,	0,	0
sjl_bobohand_03,	99999.0,	99999.0,	0.99,	0.1,	50.0,	0.0,	1.0,	0,	0,	0,	0,	0
sjl_bobohand_01,	99999.0,	99999.0,	0.99,	0.1,	50.0,	0.0,	1.0,	0,	0,	0,	0,	0
ca_sp_sportsbag,	50.0,	50.0,	0.99,	0.05,	50.0,	0.05,	1.0,	0,	0,	0,	0,	0
me_boomshine_dr,	99999.0,	99999.0,	0.99,	0.1,	50.0,	0.0,	1.0,	0,	0,	0,	0,	0
ndc_drugspillbig,	99999.0,	99999.0,	0.99,	0.1,	50.0,	0.0,	1.0,	0,	0,	0,	0,	0
ndc_drugspill,	99999.0,	99999.0,	0.99,	0.1,	50.0,	0.0,	1.0,	0,	0,	0,	0,	0
ndc_drugstack,	99999.0,	99999.0,	0.99,	0.1,	50.0,	0.0,	1.0,	0,	0,	0,	0,	0
ndc_drugpile,	99999.0,	99999.0,	0.99,	0.1,	50.0,	0.0,	1.0,	0,	0,	0,	0,	0
ndc_drugsopen,	99999.0,	99999.0,	0.99,	0.1,	50.0,	0.0,	1.0,	0,	0,	0,	0,	0
gd_rocket,	99999.0,	99999.0,	0.99,	0.1,	50.0,	0.0,	1.0,	0,	0,	0,	0,	0
gd_camhelicopter,	99999.0,	99999.0,	0.99,	0.1,	50.0,	0.0,	1.0,	0,	0,	0,	0,	0
gd_camtruckbase,	99999.0,	99999.0,	0.99,	0.1,	50.0,	0.0,	1.0,	0,	0,	0,	0,	0
gd_camtrucktop,	99999.0,	99999.0,	0.99,	0.1,	50.0,	0.0,	1.0,	0,	0,	0,	0,	0
pm_wallholed,	99999.0,	99999.0,	0.99,	0.1,	50.0,	0.0,	1.0,	1,	0,	0,	7,	7
pm_wallwhole,	99999.0,	99999.0,	0.99,	0.1,	50.0,	0.0,	1.0,	1,	0,	0,	7,	7
pm_wallplastpile,	99999.0,	99999.0,	0.99,	0.1,	50.0,	0.0,	1.0,	1,	0,	0,	7,	7
pm_gardoorwslux,	99999.0,	99999.0,	0.99,	0.1,	50.0,	0.0,	1.0,	0,	0,	0,	0,	0
gd_cratePile,	99999.0,	99999.0,	0.99,	0.1,	50.0,	0.0,	1.0,	0,	0,	0,	0,	0
jm_heligate,	99999.0,	99999.0,	0.99,	0.1,	50.0,	0.0,	1.0,	0,	4,	0,	0,	0
jm_carpoundgate,	99999.0,	99999.0,	0.99,	0.1,	50.0,	0.0,	1.0,	0,	4,	0,	0,	0
ndc_boatrampWide,	99999.0,	99999.0,	0.99,	0.1,	50.0,	0.0,	1.0,	0,	0,	0,	0,	0
TestRamp2,	99999.0,	99999.0,	0.99,	0.1,	50.0,	0.0,	1.0,	0,	0,	0,	0,	0
TestRamp1,	99999.0,	99999.0,	0.99,	0.1,	50.0,	0.0,	1.0,	0,	0,	0,	0,	0
TestRamp3,	99999.0,	99999.0,	0.99,	0.1,	50.0,	0.0,	1.0,	0,	0,	0,	0,	0
TestRamp4,	99999.0,	99999.0,	0.99,	0.1,	50.0,	0.0,	1.0,	0,	0,	0,	0,	0
TestRamp5,	99999.0,	99999.0,	0.99,	0.1,	50.0,	0.0,	1.0,	0,	0,	0,	0,	0
ndc_drugpacket,	20.0,	20.0,	0.99,	0.03,	50.0,	0.05,	1.0,	0,	0,	0,	0,	0
pm_node_walls,	99999.0,	99999.0,	0.99,	0.1,	50.0,	0.0,	1.0,	1,	0,	0,	7,	7
jm_dks_bhdoor,	99999.0,	99999.0,	0.99,	0.1,	50.0,	0.0,	1.0,	0,	0,	0,	0,	0
ndc_boomstack,	99999.0,	99999.0,	0.99,	0.1,	50.0,	0.0,	1.0,	0,	0,	0,	0,	0
me_policeantennee,	99999.0,	99999.0,	0.99,	0.1,	50.0,	0.0,	1.0,	0,	0,	0,	0,	0
me_mainrigrope,	99999.0,	99999.0,	0.99,	0.1,	50.0,	0.0,	1.0,	0,	0,	0,	0,	0
ndc_helibucket,	100.0,	1000.0,	0.99,	0.05,	50.0,	0.05,	1.0,	0,	0,	0,	0,	0
pmdivide_door,	99999.0,	99999.0,	0.99,	0.1,	50.0,	0.0,	1.0,	0,	0,	0,	0,	0
pm_elevdoor,	99999.0,	99999.0,	0.99,	0.1,	50.0,	0.0,	1.0,	0,	0,	0,	0,	0
ndc_helirescuerig,	100.0,	1000.0,	0.99,	0.05,	50.0,	0.05,	1.0,	0,	0,	0,	0,	0
eb_pros_2_A_n,	99999.0,	99999.0,	0.99,	0.1,	50.0,	0.0,	1.0,	0,	0,	0,	0,	0
eb_prot_1_A_n,	99999.0,	99999.0,	0.99,	0.1,	50.0,	0.0,	1.0,	0,	0,	0,	0,	0
eb_prot_2_A_n,	99999.0,	99999.0,	0.99,	0.1,	50.0,	0.0,	1.0,	0,	0,	0,	0,	0
eb_prot_3_A_n,	99999.0,	99999.0,	0.99,	0.1,	50.0,	0.0,	1.0,	0,	0,	0,	0,	0
eb_smug_3_A_n,	99999.0,	99999.0,	0.99,	0.1,	50.0,	0.0,	1.0,	0,	0,	0,	0,	0
eb_smug_2_A_n,	99999.0,	99999.0,	0.99,	0.1,	50.0,	0.0,	1.0,	0,	0,	0,	0,	0
eb_loan_1_A_n,	99999.0,	99999.0,	0.99,	0.1,	50.0,	0.0,	1.0,	0,	0,	0,	0,	0
eb_loan_2_A_n,	99999.0,	99999.0,	0.99,	0.1,	50.0,	0.0,	1.0,	0,	0,	0,	0,	0
eb_loan_3_A_n,	99999.0,	99999.0,	0.99,	0.1,	50.0,	0.0,	1.0,	0,	0,	0,	0,	0
eb_drug_1_A_n,	99999.0,	99999.0,	0.99,	0.1,	50.0,	0.0,	1.0,	0,	0,	0,	0,	0
eb_drug_2_A_n,	99999.0,	99999.0,	0.99,	0.1,	50.0,	0.0,	1.0,	0,	0,	0,	0,	0
eb_rob_2_A_n,	99999.0,	99999.0,	0.99,	0.1,	50.0,	0.0,	1.0,	0,	0,	0,	0,	0
eb_rob_3_A_n,	99999.0,	99999.0,	0.99,	0.1,	50.0,	0.0,	1.0,	0,	0,	0,	0,	0
eb_rob_1_A_n,	99999.0,	99999.0,	0.99,	0.1,	50.0,	0.0,	1.0,	0,	0,	0,	0,	0
eb_drug_3_A_n,	99999.0,	99999.0,	0.99,	0.1,	50.0,	0.0,	1.0,	0,	0,	0,	0,	0
sjl_bobohand_05,	99999.0,	99999.0,	0.99,	0.1,	50.0,	0.0,	1.0,	0,	0,	0,	0,	0
ndc_redballoon,	99999.0,	99999.0,	0.99,	0.1,	50.0,	0.0,	1.0,	0,	0,	0,	8,	8
gd_briefcase_red,	99999.0,	99999.0,	0.99,	0.1,	50.0,	0.0,	1.0,	0,	0,	0,	0,	0
gd_briefcase_blue,	99999.0,	99999.0,	0.99,	0.1,	50.0,	0.0,	1.0,	0,	0,	0,	0,	0
gd_briefcase_brown,	99999.0,	99999.0,	0.99,	0.1,	50.0,	0.0,	1.0,	0,	0,	0,	0,	0
pmoffidoor,	99999.0,	99999.0,	0.99,	0.1,	50.0,	0.0,	1.0,	0,	0,	0,	0,	0
dr_lifesaver,	250.0,	150.0,	0.99,	0.05,	50.0,	0.05,	1.0,	0,	0,	0,	0,	0
eb_pros_1_A_n,	99999.0,	99999.0,	0.99,	0.1,	50.0,	0.0,	1.0,	0,	0,	0,	0,	0
eb_pros_3_A_n,	99999.0,	99999.0,	0.99,	0.1,	50.0,	0.0,	1.0,	0,	0,	0,	0,	0
gd_safedoor,	99999.0,	99999.0,	0.99,	0.1,	50.0,	0.0,	1.0,	0,	0,	1,	0,	0
ndc_kockwheel,	99999.0,	99999.0,	0.99,	0.1,	50.0,	0.0,	1.0,	0,	0,	0,	0,	0
me_liftdoor,	99999.0,	99999.0,	0.99,	0.1,	50.0,	0.0,	1.0,	0,	0,	1,	0,	0
mplaycrate,	99999.0,	99999.0,	0.99,	0.1,	50.0,	0.0,	1.0,	0,	0,	0,	0,	0
mplaycrate_doorB,	99999.0,	99999.0,	0.99,	0.1,	50.0,	0.0,	1.0,	0,	0,	0,	0,	0
mplaycrate_doorA,	99999.0,	99999.0,	0.99,	0.1,	50.0,	0.0,	1.0,	0,	0,	0,	0,	0
megaDamage,	99999.0,	99999.0,	0.99,	0.1,	50.0,	0.0,	1.0,	0,	0,	0,	0,	0
regenerator,	99999.0,	99999.0,	0.99,	0.1,	50.0,	0.0,	1.0,	0,	0,	0,	0,	0
invisible,	99999.0,	99999.0,	0.99,	0.1,	50.0,	0.0,	1.0,	0,	0,	0,	0,	0
bad_car,	99999.0,	99999.0,	0.99,	0.1,	50.0,	0.0,	1.0,	0,	0,	0,	0,	0
good_car,	99999.0,	99999.0,	0.99,	0.1,	50.0,	0.0,	1.0,	0,	0,	0,	0,	0
ed_blockdocks,	99999.0,	99999.0,	0.99,	0.1,	50.0,	0.0,	1.0,	0,	0,	0,	0,	0
ed_blockgolf,	99999.0,	99999.0,	0.99,	0.1,	50.0,	0.0,	1.0,	0,	0,	0,	0,	0
ed_blockprawn,	99999.0,	99999.0,	0.99,	0.1,	50.0,	0.0,	1.0,	0,	0,	0,	0,	0
gd_helimagnet,	100.0,	1000.0,	0.99,	0.05,	50.0,	0.05,	1.0,	0,	0,	0,	0,	0
ndc_impoundSignA,	99999.0,	99999.0,	0.99,	0.1,	50.0,	0.0,	1.0,	0,	0,	0,	0,	0
ndc_impoundSignB,	99999.0,	99999.0,	0.99,	0.1,	50.0,	0.0,	1.0,	0,	0,	0,	0,	0
ndc_impoundSignD,	99999.0,	99999.0,	0.99,	0.1,	50.0,	0.0,	1.0,	0,	0,	0,	0,	0
ndc_impoundSignC,	99999.0,	99999.0,	0.99,	0.1,	50.0,	0.0,	1.0,	0,	0,	0,	0,	0
ndc_impoundStrike,	99999.0,	99999.0,	0.99,	0.1,	50.0,	0.0,	1.0,	0,	0,	0,	0,	0
IZ_fbsDrs_blnk,	99999.0,	99999.0,	0.99,	0.1,	50.0,	0.0,	1.0,	0,	0,	0,	0,	0
jm_dts_csdoor,	99999.0,	99999.0,	0.99,	0.1,	50.0,	0.0,	1.0,	0,	0,	0,	0,	0
ndc_shopbag,	10.0,	10.0,	0.99,	0.03,	50.0,	0.05,	1.0,	0,	0,	0,	0,	0
rampageCompleted,	99999.0,	99999.0,	0.99,	0.1,	50.0,	0.0,	1.0,	0,	0,	0,	0,	0
mar_a2_stereo,	40.0,	80.0,	0.99,	0.04,	50.0,	0.05,	1.0,	1,	0,	0,	3,	2
mar_a2tv,	40.0,	80.0,	0.99,	0.04,	50.0,	0.05,	1.0,	1,	0,	0,	9,	10
gd_beertray,	99999.0,	99999.0,	0.99,	0.1,	50.0,	0.0,	1.0,	0,	0,	0,	0,	0
gd_cigar,	99999.0,	99999.0,	0.99,	0.1,	50.0,	0.0,	1.0,	0,	0,	0,	0,	0
gd_cigarbox,	99999.0,	99999.0,	0.99,	0.1,	50.0,	0.0,	1.0,	0,	0,	0,	0,	0
gd_rubbish3,	99999.0,	99999.0,	0.99,	0.1,	50.0,	0.0,	1.0,	0,	0,	0,	0,	0
gd_rubbish2,	99999.0,	99999.0,	0.99,	0.1,	50.0,	0.0,	1.0,	0,	0,	0,	0,	0
gd_rubbish1,	99999.0,	99999.0,	0.99,	0.1,	50.0,	0.0,	1.0,	0,	0,	0,	0,	0
gd_snackTray,	99999.0,	99999.0,	0.99,	0.1,	50.0,	0.0,	1.0,	0,	0,	0,	0,	0
dr_valve,	99999.0,	99999.0,	0.99,	0.1,	50.0,	0.0,	1.0,	1,	0,	0,	3,	2
ebprop_barstool,	99999.0,	99999.0,	0.99,	0.1,	50.0,	0.0,	1.0,	1,	0,	0,	3,	2
ebprop_bed,	99999.0,	99999.0,	0.99,	0.1,	50.0,	0.0,	1.0,	1,	0,	0,	3,	2
ebprop_bigbed,	99999.0,	99999.0,	0.99,	0.1,	50.0,	0.0,	1.0,	1,	0,	0,	3,	2
ebprop_chair,	99999.0,	99999.0,	0.99,	0.1,	50.0,	0.0,	1.0,	1,	0,	0,	0,	0
ebprop_clothesrail,	99999.0,	99999.0,	0.99,	0.1,	50.0,	0.0,	1.0,	1,	0,	0,	3,	2
ebprop_comfychair,	99999.0,	99999.0,	0.99,	0.1,	50.0,	0.0,	1.0,	1,	0,	0,	3,	2
ebprop_copier,	99999.0,	99999.0,	0.99,	0.1,	50.0,	0.0,	1.0,	1,	0,	0,	3,	2
ebprop_crate,	99999.0,	99999.0,	0.99,	0.1,	50.0,	0.0,	1.0,	1,	0,	0,	3,	2
ebprop_drugtableA,	99999.0,	99999.0,	0.99,	0.1,	50.0,	0.0,	1.0,	1,	0,	0,	3,	2
ebprop_drugtableB,	99999.0,	99999.0,	0.99,	0.1,	50.0,	0.0,	1.0,	1,	0,	0,	3,	2
ebprop_floorlamp,	99999.0,	99999.0,	0.99,	0.1,	50.0,	0.0,	1.0,	1,	0,	0,	3,	2
ebprop_gblaster,	99999.0,	99999.0,	0.99,	0.1,	50.0,	0.0,	1.0,	1,	0,	0,	3,	2
ebprop_officedeskA,	99999.0,	99999.0,	0.99,	0.1,	50.0,	0.0,	1.0,	1,	0,	0,	3,	5
ebprop_plantpot,	99999.0,	99999.0,	0.99,	0.1,	50.0,	0.0,	1.0,	1,	0,	0,	3,	2
ebprop_sack,	99999.0,	99999.0,	0.99,	0.1,	50.0,	0.0,	1.0,	1,	0,	0,	3,	2
ebprop_speaker,	99999.0,	99999.0,	0.99,	0.1,	50.0,	0.0,	1.0,	1,	0,	0,	3,	2
ebprop_tableround,	99999.0,	99999.0,	0.99,	0.1,	50.0,	0.0,	1.0,	1,	0,	0,	3,	2
ebprop_tablesquare,	99999.0,	99999.0,	0.99,	0.1,	50.0,	0.0,	1.0,	1,	0,	0,	3,	2
ebprop_tablewide,	99999.0,	99999.0,	0.99,	0.1,	50.0,	0.0,	1.0,	1,	0,	0,	3,	2
eb_forsale,	99999.0,	99999.0,	0.99,	0.1,	50.0,	0.0,	1.0,	0,	0,	1,	0,	0
eb_cons_A,	99999.0,	99999.0,	0.99,	0.1,	50.0,	0.0,	1.0,	0,	0,	1,	0,	0
eb_pros_1_A,	99999.0,	99999.0,	0.99,	0.1,	50.0,	0.0,	1.0,	0,	0,	1,	0,	0
eb_rob_1_A,	99999.0,	99999.0,	0.99,	0.1,	50.0,	0.0,	1.0,	0,	0,	1,	0,	0
eb_rob_2_A,	99999.0,	99999.0,	0.99,	0.1,	50.0,	0.0,	1.0,	0,	0,	1,	0,	0
eb_loan_1_A,	99999.0,	99999.0,	0.99,	0.1,	50.0,	0.0,	1.0,	0,	0,	1,	0,	0
eb_rob_3_A,	99999.0,	99999.0,	0.99,	0.1,	50.0,	0.0,	1.0,	0,	0,	1,	0,	0
jm_bks_pedgte,	99999.0,	99999.0,	0.99,	0.1,	50.0,	0.0,	1.0,	0,	0,	0,	0,	0
ndc_bikerampNarrow,	99999.0,	99999.0,	0.99,	0.1,	50.0,	0.0,	1.0,	0,	0,	0,	0,	0
ebprop_delicounter,	99999.0,	99999.0,	0.99,	0.1,	50.0,	0.0,	1.0,	1,	0,	0,	9,	10
ebprop_freezerfloor,	99999.0,	99999.0,	0.99,	0.1,	50.0,	0.0,	1.0,	1,	0,	0,	9,	10
ebprop_freezer,	99999.0,	99999.0,	0.99,	0.1,	50.0,	0.0,	1.0,	1,	0,	0,	9,	10
eb_prot_1_A,	99999.0,	99999.0,	0.99,	0.1,	50.0,	0.0,	1.0,	0,	0,	1,	0,	0
ndc_moneypile,	99999.0,	99999.0,	0.99,	0.1,	50.0,	0.0,	1.0,	0,	0,	0,	0,	0
ndc_nodamagedesk,	99999.0,	99999.0,	0.99,	0.1,	50.0,	0.0,	1.0,	0,	0,	0,	0,	0
ndc_debrisa,	40.0,	80.0,	0.99,	0.04,	50.0,	0.05,	1.0,	0,	0,	0,	0,	0
ndc_debrisb,	40.0,	80.0,	0.99,	0.04,	50.0,	0.05,	1.0,	0,	0,	0,	0,	0
ndc_debrisc,	40.0,	80.0,	0.99,	0.04,	50.0,	0.05,	1.0,	0,	0,	0,	0,	0
pm_piergate,	99999.0,	99999.0,	0.99,	0.1,	50.0,	0.0,	1.0,	0,	0,	0,	0,	0
pm_gardoorwslut,	99999.0,	99999.0,	0.99,	0.1,	50.0,	0.0,	1.0,	0,	0,	0,	0,	0
jm_brks_gate,	99999.0,	99999.0,	0.99,	0.1,	50.0,	0.0,	1.0,	0,	4,	0,	0,	0
sjl_learjet,	99999.0,	99999.0,	0.99,	0.1,	50.0,	0.0,	1.0,	0,	0,	0,	0,	0
sjl_learjet_near,	99999.0,	99999.0,	0.99,	0.1,	50.0,	0.0,	1.0,	0,	0,	1,	0,	0
eb_drug_3_C,	99999.0,	99999.0,	0.99,	0.1,	50.0,	0.0,	1.0,	0,	0,	1,	0,	0
eb_drug_2_C,	99999.0,	99999.0,	0.99,	0.1,	50.0,	0.0,	1.0,	0,	0,	1,	0,	0
eb_drug_1_C,	99999.0,	99999.0,	0.99,	0.1,	50.0,	0.0,	1.0,	0,	0,	1,	0,	0
eb_prot_3_C,	99999.0,	99999.0,	0.99,	0.1,	50.0,	0.0,	1.0,	0,	0,	1,	0,	0
eb_prot_2_C,	99999.0,	99999.0,	0.99,	0.1,	50.0,	0.0,	1.0,	0,	0,	1,	0,	0
eb_prot_1_C,	99999.0,	99999.0,	0.99,	0.1,	50.0,	0.0,	1.0,	0,	0,	1,	0,	0
eb_pros_3_C,	99999.0,	99999.0,	0.99,	0.1,	50.0,	0.0,	1.0,	0,	0,	1,	0,	0
eb_pros_2_C,	99999.0,	99999.0,	0.99,	0.1,	50.0,	0.0,	1.0,	0,	0,	1,	0,	0
eb_pros_1_C,	99999.0,	99999.0,	0.99,	0.1,	50.0,	0.0,	1.0,	0,	0,	1,	0,	0
eb_loan_3_C,	99999.0,	99999.0,	0.99,	0.1,	50.0,	0.0,	1.0,	0,	0,	1,	0,	0
eb_loan_2_C,	99999.0,	99999.0,	0.99,	0.1,	50.0,	0.0,	1.0,	0,	0,	1,	0,	0
eb_loan_1_C,	99999.0,	99999.0,	0.99,	0.1,	50.0,	0.0,	1.0,	0,	0,	1,	0,	0
eb_smug_3_C,	99999.0,	99999.0,	0.99,	0.1,	50.0,	0.0,	1.0,	0,	0,	1,	0,	0
eb_smug_2_C,	99999.0,	99999.0,	0.99,	0.1,	50.0,	0.0,	1.0,	0,	0,	1,	0,	0
eb_smug_1_C,	99999.0,	99999.0,	0.99,	0.1,	50.0,	0.0,	1.0,	0,	0,	1,	0,	0
eb_rob_3_C,	99999.0,	99999.0,	0.99,	0.1,	50.0,	0.0,	1.0,	0,	0,	1,	0,	0
eb_rob_2_C,	99999.0,	99999.0,	0.99,	0.1,	50.0,	0.0,	1.0,	0,	0,	1,	0,	0
eb_rob_1_C,	99999.0,	99999.0,	0.99,	0.1,	50.0,	0.0,	1.0,	0,	0,	1,	0,	0
isd1_bike01,	99999.0,	99999.0,	0.99,	0.1,	50.0,	0.0,	1.0,	0,	0,	0,	0,	0
isd1_bike02,	99999.0,	99999.0,	0.99,	0.1,	50.0,	0.0,	1.0,	0,	0,	0,	0,	0
isd1_bike03,	99999.0,	99999.0,	0.99,	0.1,	50.0,	0.0,	1.0,	0,	0,	0,	0,	0
isd1_car01,	99999.0,	99999.0,	0.99,	0.1,	50.0,	0.0,	1.0,	0,	0,	0,	0,	0
isd1_car02,	99999.0,	99999.0,	0.99,	0.1,	50.0,	0.0,	1.0,	0,	0,	0,	0,	0
isd1_car03,	99999.0,	99999.0,	0.99,	0.1,	50.0,	0.0,	1.0,	0,	0,	0,	0,	0
jm_skydoor,	99999.0,	99999.0,	0.99,	0.1,	50.0,	0.0,	1.0,	0,	0,	1,	0,	0
Marty_cut_door,	99999.0,	99999.0,	0.99,	0.1,	50.0,	0.0,	1.0,	0,	0,	1,	0,	0
gd_hotelsofa,	99999.0,	99999.0,	0.99,	0.1,	50.0,	0.0,	1.0,	1,	0,	0,	3,	2
gd_hotelsofabit,	40.0,	40.0,	0.99,	0.04,	50.0,	0.05,	1.0,	0,	0,	0,	0,	0
ndc_philstick,	99999.0,	99999.0,	0.99,	0.1,	50.0,	0.0,	1.0,	0,	0,	0,	0,	0
isd2_bike01,	99999.0,	99999.0,	0.99,	0.1,	50.0,	0.0,	1.0,	0,	0,	0,	0,	0
isd2_bike02,	99999.0,	99999.0,	0.99,	0.1,	50.0,	0.0,	1.0,	0,	0,	0,	0,	0
isd2_bike03,	99999.0,	99999.0,	0.99,	0.1,	50.0,	0.0,	1.0,	0,	0,	0,	0,	0
isd2_car02,	99999.0,	99999.0,	0.99,	0.1,	50.0,	0.0,	1.0,	0,	0,	0,	0,	0
isd2_car01,	99999.0,	99999.0,	0.99,	0.1,	50.0,	0.0,	1.0,	0,	0,	0,	0,	0
isd2_car03,	99999.0,	99999.0,	0.99,	0.1,	50.0,	0.0,	1.0,	0,	0,	0,	0,	0
unlockableIcon,	99999.0,	99999.0,	0.99,	0.1,	50.0,	0.0,	1.0,	0,	0,	0,	0,	0
ebprop_cashreg,	99999.0,	99999.0,	0.99,	0.1,	50.0,	0.0,	1.0,	1,	0,	0,	3,	2
gd_phoneHandle,	99999.0,	99999.0,	0.99,	0.1,	50.0,	0.0,	1.0,	0,	0,	0,	0,	0
me_mainlightrig,	99999.0,	99999.0,	0.99,	0.1,	50.0,	0.0,	1.0,	0,	0,	0,	0,	0
stagelite_light1,	99999.0,	99999.0,	0.99,	0.1,	50.0,	0.0,	1.0,	0,	0,	0,	0,	0
stagelite_light2,	99999.0,	99999.0,	0.99,	0.1,	50.0,	0.0,	1.0,	0,	0,	0,	0,	0
stagelite_light3,	99999.0,	99999.0,	0.99,	0.1,	50.0,	0.0,	1.0,	0,	0,	0,	0,	0
stagelite_light4,	99999.0,	99999.0,	0.99,	0.1,	50.0,	0.0,	1.0,	0,	0,	0,	0,	0
stagelite_light5,	99999.0,	99999.0,	0.99,	0.1,	50.0,	0.0,	1.0,	0,	0,	0,	0,	0
jm_bks_barrier,	99999.0,	99999.0,	0.99,	0.1,	50.0,	0.0,	1.0,	0,	0,	0,	0,	0
ps_philheadmic,	99999.0,	99999.0,	0.99,	0.1,	50.0,	0.0,	1.0,	0,	0,	0,	0,	0
gd_spraycans,	99999.0,	99999.0,	0.99,	0.1,	50.0,	0.0,	1.0,	0,	0,	0,	0,	0
ebprop_filecab,	99999.0,	99999.0,	0.99,	0.1,	50.0,	0.0,	1.0,	1,	0,	0,	3,	2
ndc_radioPhone,	99999.0,	99999.0,	0.99,	0.1,	50.0,	0.0,	1.0,	0,	0,	0,	0,	0
eb_drug_1_A,	99999.0,	99999.0,	0.99,	0.1,	50.0,	0.0,	1.0,	0,	0,	1,	0,	0
eb_drug_1_B,	99999.0,	99999.0,	0.99,	0.1,	50.0,	0.0,	1.0,	0,	0,	1,	0,	0
eb_drug_2_A,	99999.0,	99999.0,	0.99,	0.1,	50.0,	0.0,	1.0,	0,	0,	1,	0,	0
eb_drug_2_B,	99999.0,	99999.0,	0.99,	0.1,	50.0,	0.0,	1.0,	0,	0,	1,	0,	0
eb_drug_3_A,	99999.0,	99999.0,	0.99,	0.1,	50.0,	0.0,	1.0,	0,	0,	1,	0,	0
eb_drug_3_B,	99999.0,	99999.0,	0.99,	0.1,	50.0,	0.0,	1.0,	0,	0,	1,	0,	0
eb_loan_1_B,	99999.0,	99999.0,	0.99,	0.1,	50.0,	0.0,	1.0,	0,	0,	1,	0,	0
eb_loan_2_A,	99999.0,	99999.0,	0.99,	0.1,	50.0,	0.0,	1.0,	0,	0,	1,	0,	0
eb_loan_2_B,	99999.0,	99999.0,	0.99,	0.1,	50.0,	0.0,	1.0,	0,	0,	1,	0,	0
eb_loan_3_A,	99999.0,	99999.0,	0.99,	0.1,	50.0,	0.0,	1.0,	0,	0,	1,	0,	0
eb_loan_3_B,	99999.0,	99999.0,	0.99,	0.1,	50.0,	0.0,	1.0,	0,	0,	1,	0,	0
eb_pros_1_B,	99999.0,	99999.0,	0.99,	0.1,	50.0,	0.0,	1.0,	0,	0,	1,	0,	0
eb_pros_2_A,	99999.0,	99999.0,	0.99,	0.1,	50.0,	0.0,	1.0,	0,	0,	1,	0,	0
eb_pros_2_B,	99999.0,	99999.0,	0.99,	0.1,	50.0,	0.0,	1.0,	0,	0,	1,	0,	0
eb_pros_3_A,	99999.0,	99999.0,	0.99,	0.1,	50.0,	0.0,	1.0,	0,	0,	1,	0,	0
eb_pros_3_B,	99999.0,	99999.0,	0.99,	0.1,	50.0,	0.0,	1.0,	0,	0,	1,	0,	0
eb_prot_1_B,	99999.0,	99999.0,	0.99,	0.1,	50.0,	0.0,	1.0,	0,	0,	1,	0,	0
eb_prot_2_A,	99999.0,	99999.0,	0.99,	0.1,	50.0,	0.0,	1.0,	0,	0,	1,	0,	0
eb_prot_2_B,	99999.0,	99999.0,	0.99,	0.1,	50.0,	0.0,	1.0,	0,	0,	1,	0,	0
eb_prot_3_A,	99999.0,	99999.0,	0.99,	0.1,	50.0,	0.0,	1.0,	0,	0,	1,	0,	0
eb_prot_3_B,	99999.0,	99999.0,	0.99,	0.1,	50.0,	0.0,	1.0,	0,	0,	1,	0,	0
eb_rob_1_B,	99999.0,	99999.0,	0.99,	0.1,	50.0,	0.0,	1.0,	0,	0,	1,	0,	0
eb_rob_2_B,	99999.0,	99999.0,	0.99,	0.1,	50.0,	0.0,	1.0,	0,	0,	1,	0,	0
eb_rob_3_B,	99999.0,	99999.0,	0.99,	0.1,	50.0,	0.0,	1.0,	0,	0,	1,	0,	0
eb_smug_1_A,	99999.0,	99999.0,	0.99,	0.1,	50.0,	0.0,	1.0,	0,	0,	1,	0,	0
eb_smug_1_B,	99999.0,	99999.0,	0.99,	0.1,	50.0,	0.0,	1.0,	0,	0,	1,	0,	0
eb_smug_2_A,	99999.0,	99999.0,	0.99,	0.1,	50.0,	0.0,	1.0,	0,	0,	1,	0,	0
eb_smug_2_B,	99999.0,	99999.0,	0.99,	0.1,	50.0,	0.0,	1.0,	0,	0,	1,	0,	0
eb_smug_3_A,	99999.0,	99999.0,	0.99,	0.1,	50.0,	0.0,	1.0,	0,	0,	1,	0,	0
eb_smug_3_B,	99999.0,	99999.0,	0.99,	0.1,	50.0,	0.0,	1.0,	0,	0,	1,	0,	0
* ;end of file