// Generated by g3DTZ v2.1 - by guard3
//
//////////////////////////////////////// SUNNY
//
//	Amb	Amb_Obj	Amb_bl	Amb_Obj_bl	Dir	Sky top	Sky bot	SunCore	SunCorona	SunSz	SprSz	SprBght	Shdw	LightShd	PoleShd	FarClip	FogSt	LightOnGround	LowCloudsRGB	TopCloudRGB	BottomCloudRGB	BlurRGB	WaterRGBA
// Midnight
129	129	129	95	95	95	6	15	34	18	16	12	101	102	118	0	0	0	10	10	10	255	255	0	5	0	0	1.0	1.5	5.2	148	99	0	1999.0	22.0	1.5	30	20	0	0	0	0	0	0	0	0	0	0	13	13	13	156
// 1AM
132	132	132	95	95	95	6	15	35	18	16	13	100	102	118	0	1	4	6	6	6	255	224	0	49	22	0	1.0	1.5	1.0	122	98	0	1999.0	180.0	1.5	48	22	5	0	0	0	0	0	0	1	0	0	15	15	14	158
// 2AM
136	136	136	95	95	95	7	15	37	17	16	14	100	103	118	1	3	8	3	3	3	255	194	0	94	45	0	1.0	1.5	1.0	122	98	0	1999.0	339.0	1.5	67	25	10	0	0	0	0	0	0	3	1	1	18	16	15	161
// 3AM
139	139	139	95	95	95	7	15	38	17	16	15	100	104	118	2	5	12	0	0	0	255	164	0	138	68	0	1.0	1.6	1.0	122	98	0	1999.0	498.0	1.5	86	27	15	0	0	0	0	0	0	5	2	2	21	18	16	163
// 4AM
143	143	143	95	95	95	8	16	40	17	17	17	100	105	119	3	7	16	51	16	2	255	134	0	183	91	0	1.0	1.6	1.0	123	99	0	953.0	-64.0	1.5	105	30	20	0	0	0	0	0	0	7	3	3	24	20	17	166
// 5AM
121	119	139	95	95	95	27	18	8	40	40	0	255	230	202	99	168	188	255	221	112	255	255	0	228	85	0	5.7	1.7	1.0	123	99	0	953.0	400.0	1.5	187	140	0	255	255	255	185	168	80	9	3	3	66	101	74	171
// 6AM
150	116	110	90	90	90	52	32	7	74	64	40	243	222	190	90	205	255	208	176	68	255	128	0	255	128	0	12.7	1.0	1.0	139	100	0	951.0	865.0	0.8	100	47	35	255	255	255	204	167	76	11	4	4	33	111	89	164
// 7AM
166	134	119	90	90	90	56	35	7	109	89	80	232	214	178	104	211	255	173	183	98	254	128	0	254	127	9	12.8	1.0	1.0	155	50	0	949.0	578.0	0.5	125	81	71	255	255	255	207	176	79	12	5	5	1	122	105	158
// 8AM
183	152	129	90	90	90	61	38	8	109	89	80	221	207	166	119	218	254	138	191	128	254	128	0	254	126	18	13.0	1.0	1.0	155	50	0	949.0	291.0	0.5	151	116	108	254	254	254	210	186	83	14	6	6	1	122	105	158
// 9AM
200	170	139	100	90	85	66	41	9	114	93	85	210	199	155	134	225	255	104	199	159	254	128	0	254	126	27	13.2	1.0	1.0	171	0	30	1032.0	5.0	1.0	177	151	145	255	255	255	214	195	87	16	6	6	11	124	112	151
// 10AM
217	188	149	100	100	100	71	44	9	120	97	91	199	192	143	149	232	255	69	206	189	254	128	0	254	125	36	13.3	1.0	1.0	188	0	60	1116.0	-1.0	1.0	203	185	181	255	255	255	217	205	90	18	7	7	21	126	119	144
// 11AM
234	206	159	100	100	100	76	47	10	94	75	71	188	184	131	164	239	255	34	214	219	254	128	0	254	124	45	13.5	1.0	1.0	204	0	90	1524.0	37.0	1.0	229	220	218	255	255	255	220	214	94	20	8	8	31	128	126	137
//
//	Amb	Amb_Obj	Amb_bl	Amb_Obj_bl	Dir	Sky top	Sky bot	SunCore	SunCorona	SunSz	SprSz	SprBght	Shdw	LightShd	PoleShd	FarClip	FogSt	LightOnGround	LowCloudsRGB	TopCloudRGB	BottomCloudRGB	BlurRGB	WaterRGBA
// Midday
251	224	169	100	100	100	81	50	11	68	54	52	177	177	120	179	246	255	0	222	250	254	128	0	254	124	54	13.7	1.0	1.0	221	0	120	1932.0	53.0	1.0	255	255	255	255	255	255	224	224	98	22	9	9	42	131	134	130
// 1PM
252	231	170	100	100	100	81	50	10	97	79	72	190	187	121	158	247	254	0	220	247	254	128	0	254	124	54	12.1	1.0	1.0	229	0	120	1914.0	69.0	1.0	234	231	231	255	255	255	229	229	113	20	8	8	39	127	125	125
// 2PM
253	239	172	100	100	100	82	50	10	127	105	92	203	198	122	138	248	253	0	218	245	254	128	0	254	124	53	10.5	1.0	1.0	238	0	119	1896.0	60.0	1.0	214	206	206	254	254	254	234	234	128	18	7	7	37	123	116	121
// 3PM
254	247	174	100	100	100	83	50	10	125	105	85	216	208	124	118	249	253	0	216	242	254	128	0	254	124	54	9.0	1.0	1.0	247	0	120	1877.0	51.0	1.0	194	183	183	255	255	255	239	239	143	16	6	6	35	119	108	117
// 4PM
255	255	176	100	100	100	84	50	10	123	106	79	229	219	125	97	250	253	0	214	240	254	128	0	254	124	54	9.0	1.0	1.0	234	0	120	1859.0	33.0	1.0	174	159	159	255	255	255	244	244	158	14	5	5	33	115	99	113
// 5PM
255	255	169	100	100	100	91	56	6	121	107	73	242	229	126	77	251	252	0	212	238	254	128	0	254	124	54	8.2	1.0	1.0	227	0	120	1841.0	24.0	0.4	154	135	135	255	255	255	249	249	173	12	5	5	31	111	91	109
// 6PM
255	255	162	100	100	100	98	63	3	119	108	67	255	240	128	57	253	252	213	186	71	254	128	0	254	124	54	13.7	1.9	1.0	221	0	120	1823.0	24.0	1.0	134	111	111	255	255	255	255	254	188	11	4	4	76	140	100	106
// 7PM
48	45	29	100	100	100	16	9	0	62	48	24	252	165	86	128	59	255	255	194	10	255	128	0	255	0	0	20.5	1.8	1.0	201	30	68	636.0	23.0	1.0	255	72	4	255	146	70	255	201	68	9	3	3	68	38	1	103
// 8PM
115	115	115	95	95	95	5	14	28	20	15	7	102	99	117	6	3	22	91	15	34	255	80	0	255	0	0	10.2	1.7	1.0	201	30	68	861.0	23.0	1.0	255	163	97	79	10	60	35	0	26	7	2	2	18	19	32	114
// 9PM
118	118	118	100	100	100	5	14	29	19	15	8	101	99	117	0	0	9	6	6	27	0	0	0	0	0	0	0.0	1.7	1.0	201	30	68	1999.0	23.0	1.0	58	33	33	0	0	0	0	0	0	5	2	2	5	9	10	149
// 10PM
122	122	122	95	95	95	5	14	31	19	15	9	101	100	117	0	0	5	7	7	21	85	85	0	1	0	0	0.3	1.6	1.0	174	64	45	1999.0	22.0	1.3	48	28	21	0	0	0	0	0	0	3	1	1	7	10	11	151
// 11PM
125	125	125	95	95	95	6	14	32	18	15	10	101	101	117	0	0	2	8	8	15	170	170	0	3	0	0	0.6	1.5	1.0	174	64	22	1999.0	22.0	1.3	39	24	10	0	0	0	0	0	0	1	0	0	10	12	12	153
//
//////////////////////////////////////// CLOUDY
//
//	Amb	Amb_Obj	Amb_bl	Amb_Obj_bl	Dir	Sky top	Sky bot	SunCore	SunCorona	SunSz	SprSz	SprBght	Shdw	LightShd	PoleShd	FarClip	FogSt	LightOnGround	LowCloudsRGB	TopCloudRGB	BottomCloudRGB	BlurRGB	WaterRGBA
// Midnight
123	123	123	95	95	95	7	16	35	43	47	75	108	111	95	0	0	0	10	10	10	255	255	0	5	0	0	1.0	1.5	5.2	148	99	0	885.0	22.0	1.5	30	20	0	0	0	8	0	0	20	0	0	0	0	39	50	220
// 1AM
125	125	125	95	95	95	6	15	33	49	42	67	123	125	103	0	0	0	12	13	20	255	224	0	49	22	0	1.0	1.5	1.0	122	98	0	902.0	0.0	1.5	22	15	0	0	0	6	0	0	21	1	0	0	0	42	52	220
// 2AM
127	127	127	95	95	95	6	14	31	55	37	59	138	139	111	0	0	0	15	17	30	255	194	0	94	45	0	1.0	1.5	1.0	122	98	0	919.0	-21.0	1.5	15	10	1	0	0	4	0	0	22	3	1	1	0	46	54	220
// 3AM
129	129	129	95	95	95	6	14	29	61	32	51	154	154	120	0	0	0	18	21	40	255	164	0	138	68	0	1.0	1.6	1.0	122	98	0	936.0	-42.0	1.5	8	6	2	0	0	2	0	0	23	5	2	2	0	50	57	220
// 4AM
143	143	143	95	95	95	8	17	36	44	44	44	216	225	255	3	7	16	16	50	56	255	134	0	183	91	0	1.0	1.6	1.0	123	99	0	953.0	-64.0	1.5	3	3	3	0	0	16	0	0	24	7	3	3	21	75	83	220
// 5AM
121	119	139	95	95	95	0	0	0	56	56	0	255	230	202	99	168	188	255	221	112	255	255	0	219	109	0	1.0	1.7	1.0	123	99	0	953.0	400.0	1.5	255	233	169	255	255	255	185	168	80	9	3	3	43	101	109	220
// 6AM
150	116	110	90	90	90	52	32	7	82	72	40	255	233	198	196	205	255	208	176	68	255	128	0	255	128	0	12.7	1.0	1.0	139	100	0	977.0	865.0	0.8	100	34	25	255	255	255	192	178	98	11	4	4	87	118	125	220
// 7AM
156	124	112	90	90	90	58	35	7	109	89	80	255	237	194	205	213	255	191	179	99	254	128	0	254	127	9	12.8	1.0	1.0	155	50	0	1002.0	578.0	0.5	125	70	62	255	255	255	200	188	116	12	5	5	72	116	123	220
// 8AM
162	132	115	90	90	90	64	39	8	109	89	80	255	240	190	215	221	254	174	182	130	254	128	0	254	126	18	13.0	1.0	1.0	155	50	0	1026.0	291.0	0.5	151	106	100	255	255	255	208	198	135	14	6	6	57	115	122	220
// 9AM
168	140	118	100	90	85	70	42	9	114	93	85	255	244	186	225	230	255	158	186	161	254	128	0	254	126	27	13.2	1.0	1.0	171	0	30	1051.0	5.0	1.0	177	142	137	255	255	255	216	209	153	16	6	6	43	114	121	220
// 10AM
175	148	121	100	100	100	76	46	10	120	97	91	255	247	182	235	238	255	141	189	192	254	128	0	254	125	36	13.3	1.0	1.0	188	0	60	1075.0	-1.0	1.0	203	178	175	255	255	255	224	219	172	18	7	7	28	113	120	220
// 11AM
207	180	140	100	100	100	74	36	6	125	101	96	255	251	178	245	246	255	124	192	223	254	128	0	254	124	45	13.5	1.0	1.0	204	0	90	1100.0	37.0	1.0	229	214	212	255	255	255	232	229	190	20	8	8	14	112	119	220
//
//	Amb	Amb_Obj	Amb_bl	Amb_Obj_bl	Dir	Sky top	Sky bot	SunCore	SunCorona	SunSz	SprSz	SprBght	Shdw	LightShd	PoleShd	FarClip	FogSt	LightOnGround	LowCloudsRGB	TopCloudRGB	BottomCloudRGB	BlurRGB	WaterRGBA
// Midday
240	213	160	100	100	100	73	27	3	131	105	102	255	255	174	255	255	255	108	196	255	254	128	0	254	124	54	13.7	1.0	1.0	221	0	120	1124.0	53.0	1.0	255	250	250	255	255	255	240	240	209	22	9	9	0	111	118	220
// 1PM
228	208	153	100	100	100	80	40	7	129	105	96	255	252	166	243	255	254	113	201	255	254	128	0	254	124	54	12.3	1.0	1.0	229	0	120	1129.0	69.0	1.0	232	225	225	255	255	255	242	237	196	20	8	8	9	119	118	220
// 2PM
217	204	147	100	100	100	88	53	11	127	105	90	254	249	158	231	255	254	118	206	255	254	128	0	254	124	53	11.0	1.0	1.0	238	0	119	1135.0	60.0	1.0	209	200	200	254	254	254	244	234	184	18	7	7	18	126	118	220
// 3PM
236	229	161	100	100	100	86	51	10	125	106	84	255	247	151	219	255	254	123	212	255	254	128	0	254	124	54	9.7	1.0	1.0	240	0	120	1140.0	42.0	1.0	187	175	175	255	255	255	247	232	172	16	6	6	28	135	119	220
// 4PM
255	255	176	100	100	100	84	50	10	123	107	78	255	245	143	207	255	254	128	217	255	254	128	0	254	124	54	9.0	1.0	1.0	234	0	120	1145.0	33.0	1.0	165	150	150	255	255	255	250	230	160	14	5	5	37	143	119	220
// 5PM
255	255	169	100	100	100	91	56	6	121	107	72	255	242	135	196	255	254	133	223	255	254	128	0	254	124	54	8.2	1.0	1.0	227	0	120	1150.0	-4.0	0.4	142	125	125	255	255	255	252	227	148	12	5	5	46	151	119	220
// 6PM
255	255	162	100	100	100	98	63	3	119	108	67	255	240	128	194	255	254	127	203	176	254	128	0	254	124	54	13.7	1.9	1.0	221	0	120	1155.0	0.0	1.0	120	100	100	255	255	255	255	225	136	11	4	4	56	159	120	220
// 7PM
48	45	29	100	100	100	16	9	0	62	48	24	252	165	86	255	131	87	255	106	9	255	128	0	255	0	0	14.0	1.8	1.0	201	30	68	636.0	3.0	1.0	255	148	148	255	229	211	255	104	4	9	3	3	243	137	4	220
// 8PM
92	92	92	95	95	95	12	14	20	52	40	20	233	153	80	255	88	80	96	0	29	255	128	0	255	0	0	14.0	1.7	1.0	201	30	68	686.0	7.0	1.0	255	149	117	255	165	133	141	0	29	7	2	2	0	25	41	220
// 9PM
118	118	118	100	100	100	8	19	41	49	41	33	201	142	83	0	0	19	3	21	12	255	128	0	255	0	0	14.0	1.7	1.0	201	30	68	735.0	11.0	1.0	120	70	70	0	0	15	0	0	17	5	2	2	0	28	43	220
// 10PM
119	119	119	95	95	95	7	18	38	47	43	47	170	132	87	0	0	12	5	17	11	254	170	0	171	0	0	9.6	1.6	1.0	174	64	45	785.0	14.0	1.3	89	53	46	0	0	12	0	0	18	3	1	1	0	32	45	220
// 11PM
121	121	121	95	95	95	7	17	37	45	45	61	139	121	91	0	0	6	7	13	10	255	212	0	88	0	0	5.3	1.5	1.0	174	64	22	835.0	18.0	1.3	59	36	23	0	0	10	0	0	19	1	0	0	0	35	47	220
//
//////////////////////////////////////// RAINY
//
//	Amb	Amb_Obj	Amb_bl	Amb_Obj_bl	Dir	Sky top	Sky bot	SunCore	SunCorona	SunSz	SprSz	SprBght	Shdw	LightShd	PoleShd	FarClip	FogSt	LightOnGround	LowCloudsRGB	TopCloudRGB	BottomCloudRGB	BlurRGB	WaterRGBA
// Midnight
117	117	149	95	95	95	19	19	40	68	74	116	231	236	255	0	0	0	10	10	10	255	255	0	5	0	0	1.0	1.5	5.2	148	99	0	885.0	22.0	1.5	30	20	0	14	14	30	7	7	16	0	0	0	17	60	58	220
// 1AM
120	120	152	95	95	95	17	17	39	66	72	115	238	242	254	0	0	0	12	13	20	255	255	0	58	27	0	1.0	1.5	1.0	122	98	0	902.0	190.0	1.5	69	50	0	18	18	33	9	9	15	1	0	0	21	68	68	220
// 2AM
123	123	156	95	95	95	15	15	38	64	70	115	247	248	255	0	0	0	15	17	30	255	255	0	112	54	0	1.0	1.6	1.0	122	98	0	919.0	359.0	1.5	108	80	0	22	22	36	11	11	14	3	1	1	25	76	78	220
// 3AM
126	126	160	95	95	95	13	13	37	62	69	115	255	255	255	0	0	0	18	21	40	255	255	0	165	81	0	1.0	1.6	1.0	122	98	0	936.0	528.0	1.5	147	110	0	26	26	40	13	13	13	5	2	2	30	84	88	220
// 4AM
121	119	139	95	95	95	11	11	11	56	56	0	255	230	202	185	225	255	255	221	112	255	255	0	219	109	0	3.1	1.7	1.0	123	99	0	953.0	696.0	1.5	187	140	0	255	255	255	185	168	80	7	3	3	43	96	102	220
// 5AM
150	116	110	90	90	90	52	32	7	82	72	40	255	233	198	185	228	255	208	176	68	255	128	0	255	128	0	12.7	1.0	1.0	139	100	0	974.0	865.0	0.8	100	34	25	255	255	255	188	173	89	9	3	3	49	99	105	220
// 6AM
155	123	112	90	90	90	57	35	7	109	89	80	255	236	195	186	232	255	255	255	255	254	128	0	254	127	7	12.8	1.0	1.0	155	50	0	995.0	0.0	0.5	122	64	57	255	255	255	191	179	98	11	4	4	55	103	108	220
// 7AM
160	130	114	90	90	90	63	38	8	109	89	80	255	239	191	187	236	255	255	255	255	254	128	0	254	126	15	12.9	1.0	1.0	155	50	0	1017.0	0.0	0.5	144	95	89	255	255	255	195	184	107	12	5	5	61	106	111	220
// 8AM
166	137	116	90	90	90	69	42	9	109	89	80	255	242	188	188	240	255	255	255	255	254	128	0	254	126	23	13.1	1.0	1.0	155	50	0	1038.0	0.0	0.5	166	126	121	255	255	255	198	190	117	14	6	6	67	110	114	220
// 9AM
171	145	119	100	90	85	74	45	9	114	93	85	255	245	184	188	243	255	255	255	255	254	128	0	254	125	30	13.2	1.0	1.0	171	0	30	1060.0	5.0	1.0	188	157	153	255	255	255	201	195	126	16	6	6	73	113	117	220
// 10AM
177	152	121	100	100	100	80	49	10	120	97	91	255	248	181	189	247	255	255	255	255	254	128	0	254	125	38	13.4	1.0	1.0	188	0	60	1081.0	-1.0	1.0	210	188	185	255	255	255	205	201	135	18	7	7	79	117	120	220
// 11AM
182	159	123	100	100	100	86	52	11	125	101	96	255	251	177	190	251	255	255	255	255	254	128	0	254	124	46	13.5	1.0	1.0	204	0	90	1103.0	14.0	1.0	232	219	217	255	255	255	208	206	144	20	8	8	85	120	123	220
//
//	Amb	Amb_Obj	Amb_bl	Amb_Obj_bl	Dir	Sky top	Sky bot	SunCore	SunCorona	SunSz	SprSz	SprBght	Shdw	LightShd	PoleShd	FarClip	FogSt	LightOnGround	LowCloudsRGB	TopCloudRGB	BottomCloudRGB	BlurRGB	WaterRGBA
// Midday
188	167	126	100	100	100	92	56	12	131	105	102	255	255	174	191	255	255	255	255	255	254	128	0	254	124	54	13.7	1.0	1.0	221	0	120	1124.0	31.0	1.0	255	250	250	255	255	255	212	212	154	22	9	9	92	124	126	220
// 1PM
204	189	138	100	100	100	90	54	11	129	105	96	255	252	166	184	255	254	255	255	255	254	128	0	254	124	54	12.3	1.0	1.0	229	0	120	1129.0	24.0	1.0	232	225	225	255	255	255	219	214	151	20	8	8	82	120	117	220
// 2PM
221	211	151	100	100	100	88	53	11	127	105	90	254	249	158	178	254	254	255	255	255	254	128	0	254	124	53	11.0	1.0	1.0	238	0	119	1135.0	17.0	1.0	209	200	200	254	254	254	226	216	148	18	7	7	73	116	109	220
// 3PM
238	233	163	100	100	100	86	51	10	125	106	84	255	247	151	172	255	254	255	255	255	254	128	0	254	124	54	9.7	1.0	1.0	240	0	120	1140.0	10.0	1.0	187	175	175	255	255	255	233	218	145	16	6	6	64	112	101	220
// 4PM
255	255	176	100	100	100	84	50	10	123	107	78	255	245	143	166	255	254	255	255	255	254	128	0	254	124	54	9.0	1.0	1.0	234	0	120	1145.0	3.0	1.0	165	150	150	255	255	255	240	220	142	14	5	5	54	108	92	220
// 5PM
254	255	169	100	100	100	91	49	6	121	107	72	255	242	135	160	255	254	255	255	255	254	128	0	254	124	54	8.2	1.0	1.0	227	0	120	1150.0	-4.0	0.4	142	125	125	255	255	255	247	222	139	12	5	5	45	104	84	220
// 6PM
254	255	162	100	100	100	98	49	3	119	108	67	255	240	128	154	255	254	255	224	132	254	128	0	254	124	54	13.7	1.9	1.0	221	0	120	1155.0	0.0	1.0	120	100	100	255	255	255	255	225	136	11	4	4	36	101	76	220
// 7PM
52	48	30	100	100	100	15	8	0	62	48	24	252	165	86	158	109	255	255	194	10	255	128	0	255	0	0	14.0	1.8	1.0	201	30	68	636.0	3.0	1.0	120	70	70	255	146	70	255	177	0	9	3	3	89	50	63	220
// 8PM
106	106	135	95	95	95	28	28	45	52	40	20	233	153	80	1	0	15	9	34	23	255	128	0	255	0	0	14.0	1.7	1.0	201	30	68	686.0	7.0	1.0	120	70	70	0	0	18	0	0	20	7	2	2	0	30	20	220
// 9PM
108	108	138	100	100	100	25	25	43	56	48	44	232	173	123	0	0	0	9	28	19	255	128	0	255	0	0	14.0	1.7	1.0	201	30	68	735.0	11.0	1.0	120	70	70	3	3	21	1	1	19	5	2	2	4	37	29	220
// 10PM
111	111	142	95	95	95	23	23	42	60	57	68	232	194	167	0	0	0	9	22	16	254	170	0	171	0	0	9.6	1.6	1.0	174	64	45	785.0	14.0	1.3	89	53	46	7	7	24	3	3	18	3	1	1	8	45	39	220
// 11PM
114	114	145	95	95	95	21	21	41	64	65	92	231	215	211	0	0	0	9	16	13	255	212	0	88	0	0	5.3	1.5	1.0	174	64	22	835.0	18.0	1.3	59	36	23	11	11	27	5	5	17	1	0	0	12	53	49	220
//
//////////////////////////////////////// FOGGY
//
//	Amb	Amb_Obj	Amb_bl	Amb_Obj_bl	Dir	Sky top	Sky bot	SunCore	SunCorona	SunSz	SprSz	SprBght	Shdw	LightShd	PoleShd	FarClip	FogSt	LightOnGround	LowCloudsRGB	TopCloudRGB	BottomCloudRGB	BlurRGB	WaterRGBA
// Midnight
120	119	88	95	95	95	22	14	4	48	42	32	224	165	66	1	3	8	5	4	6	255	255	0	5	0	0	1.0	1.5	1.6	148	99	0	858.0	96.0	1.5	30	20	0	23	32	33	3	3	3	0	0	0	4	14	17	220
// 1AM
120	120	88	95	95	95	20	13	4	47	42	35	222	168	62	1	4	10	3	3	4	229	203	0	32	14	0	1.0	1.5	1.0	122	98	0	911.0	42.0	1.5	30	20	0	23	32	33	3	3	3	1	0	0	2	13	16	220
// 2AM
121	120	88	95	95	95	19	13	3	46	43	38	220	171	59	2	5	12	2	2	2	204	151	0	59	28	0	1.0	1.5	1.0	122	98	0	965.0	-10.0	1.5	30	20	0	23	32	33	3	3	3	3	1	1	1	13	15	220
// 3AM
121	121	88	95	95	95	18	12	3	45	43	41	218	174	55	2	6	14	44	46	59	179	99	0	86	42	0	1.0	1.6	1.0	122	98	0	1019.0	-63.0	1.5	30	20	0	23	32	33	3	3	3	5	2	2	0	13	15	220
// 4AM
122	122	89	95	95	95	17	12	3	44	44	44	216	177	52	3	7	16	49	13	4	154	48	0	113	56	0	12.5	1.6	1.0	123	99	0	927.0	-64.0	1.5	30	20	0	23	32	33	3	3	3	7	3	3	51	32	21	220
// 5AM
121	119	139	95	95	95	0	0	0	56	56	0	255	230	202	135	176	166	255	200	112	255	255	0	219	109	0	1.0	1.7	1.0	123	99	0	935.0	-50.0	1.5	30	20	0	23	32	33	3	3	3	9	3	3	2	111	125	220
// 6AM
150	116	110	90	90	90	52	32	7	82	72	40	255	233	198	161	226	255	208	176	68	255	128	0	255	128	0	12.7	1.0	1.0	139	100	0	918.0	-36.0	0.8	100	34	25	50	50	50	120	92	88	11	4	4	2	122	137	220
// 7AM
166	134	119	90	90	90	56	35	7	109	89	80	255	237	194	179	231	255	255	255	255	254	128	0	254	127	9	12.8	1.0	1.0	155	50	0	883.0	-22.0	0.5	103	45	37	84	84	84	120	96	93	12	5	5	1	125	139	220
// 8AM
183	152	129	90	90	90	61	38	8	109	89	80	255	240	190	179	231	255	255	255	255	254	128	0	254	126	18	13.0	1.0	1.0	155	50	0	883.0	-8.0	0.5	106	56	50	118	118	118	119	101	98	14	6	6	1	129	142	220
// 9AM
200	170	139	100	90	85	66	41	9	114	93	85	255	244	186	198	237	255	227	246	255	254	128	0	254	126	27	13.2	1.0	1.0	171	0	30	901.0	5.0	1.0	110	67	62	152	152	152	120	106	104	16	6	6	1	133	145	220
// 10AM
217	188	149	100	100	100	71	44	9	120	97	91	255	247	182	217	243	255	199	238	255	254	128	0	254	125	36	13.3	1.0	1.0	188	0	60	919.0	-1.0	1.0	113	78	75	186	186	186	120	110	109	18	7	7	0	137	147	220
// 11AM
234	206	159	100	100	100	76	47	10	125	101	96	255	251	178	236	249	255	171	230	255	254	128	0	254	124	45	13.5	1.0	1.0	204	0	90	902.0	37.0	1.0	116	88	87	220	220	220	120	115	114	20	8	8	0	141	150	220
//
//	Amb	Amb_Obj	Amb_bl	Amb_Obj_bl	Dir	Sky top	Sky bot	SunCore	SunCorona	SunSz	SprSz	SprBght	Shdw	LightShd	PoleShd	FarClip	FogSt	LightOnGround	LowCloudsRGB	TopCloudRGB	BottomCloudRGB	BlurRGB	WaterRGBA
// Midday
251	224	169	100	100	100	81	50	11	131	105	102	255	255	174	255	255	255	144	222	255	254	128	0	254	124	54	13.7	1.0	1.0	221	0	120	885.0	79.0	1.0	120	100	100	255	255	255	120	120	120	22	9	9	0	145	153	220
// 1PM
251	230	169	100	100	100	83	51	10	128	105	96	255	252	166	243	254	254	166	228	255	254	128	0	254	124	54	12.3	1.0	1.0	229	0	120	869.0	69.0	1.0	120	100	100	255	255	255	120	120	120	20	8	8	9	147	147	220
// 2PM
252	236	169	100	100	100	85	52	9	126	105	90	255	249	158	231	253	253	188	235	255	254	128	0	254	124	54	11.0	1.0	1.0	238	0	119	852.0	60.0	1.0	120	100	100	255	255	255	120	120	120	18	7	7	19	149	141	220
// 3PM
253	242	169	100	100	100	87	53	8	124	106	84	255	247	150	220	253	253	210	241	255	254	128	0	254	124	54	9.7	1.0	1.0	240	0	120	835.0	42.0	1.0	120	100	100	255	255	255	120	120	120	16	6	6	28	151	135	220
// 4PM
254	248	169	100	100	100	89	54	7	122	106	78	255	244	142	208	252	252	232	248	255	254	128	0	254	124	54	9.0	1.0	1.0	234	0	120	818.0	33.0	1.0	120	100	100	255	255	255	120	120	120	14	5	5	38	153	129	220
// 5PM
255	255	169	100	100	100	91	56	6	120	107	72	255	242	134	197	252	252	255	255	255	254	128	0	254	124	54	8.2	1.0	1.0	227	0	120	801.0	-34.0	0.4	120	100	100	255	255	255	120	120	120	12	5	5	48	156	124	220
// 6PM
151	150	99	100	100	100	53	32	3	91	77	48	253	203	110	69	169	255	255	194	36	254	128	0	254	62	27	13.7	1.9	1.0	221	0	120	785.0	-28.0	1.0	120	85	85	219	214	210	127	119	117	11	4	4	145	146	64	220
// 7PM
48	45	29	100	100	100	26	9	0	62	48	24	252	165	86	109	66	174	255	104	8	255	128	0	255	0	0	14.0	1.8	1.0	201	30	68	800.0	-41.0	1.0	120	70	70	183	173	166	135	119	114	9	3	3	243	137	4	220
// 8PM
119	117	87	95	95	95	27	16	6	52	40	20	233	153	80	0	0	0	37	34	44	99	49	0	167	0	0	5.0	1.7	1.0	201	30	68	816.0	-54.0	1.0	120	70	70	183	173	166	135	119	114	7	2	2	10	16	21	220
// 9PM
119	117	87	100	100	100	25	15	5	51	40	23	230	156	76	0	0	2	10	9	12	255	128	0	255	0	0	14.0	1.7	1.0	201	30	68	826.0	-16.0	1.0	120	70	70	183	173	166	135	119	114	5	2	2	8	15	20	220
// 10PM
119	118	87	95	95	95	24	15	5	50	41	26	228	159	73	0	1	4	8	7	10	254	170	0	171	0	0	9.6	1.6	1.0	174	64	45	837.0	20.0	1.3	89	53	46	129	125	121	90	80	76	3	1	1	7	15	19	220
// 11PM
120	118	87	95	95	95	23	14	4	49	41	29	226	162	69	1	2	6	6	6	8	255	212	0	88	0	0	5.3	1.5	1.0	174	64	22	847.0	58.0	1.3	59	36	23	76	79	77	46	41	39	1	0	0	5	14	18	220
//
//////////////////////////////////////// EXTRASUNNY
//
//	Amb	Amb_Obj	Amb_bl	Amb_Obj_bl	Dir	Sky top	Sky bot	SunCore	SunCorona	SunSz	SprSz	SprBght	Shdw	LightShd	PoleShd	FarClip	FogSt	LightOnGround	LowCloudsRGB	TopCloudRGB	BottomCloudRGB	BlurRGB	WaterRGBA
// Midnight
106	106	106	95	95	95	31	20	13	87	76	44	181	154	97	0	0	0	10	10	10	255	255	0	5	0	0	1.0	2.7	4.0	148	99	0	1998.0	479.0	1.5	30	20	0	23	32	33	3	3	3	0	0	0	0	16	16	220
// 1AM
118	118	118	95	95	95	29	19	11	96	84	49	168	154	101	0	0	0	14	15	25	254	214	0	64	30	0	1.0	2.4	24.6	122	98	0	1997.0	544.0	1.5	29	20	0	23	32	33	3	3	3	1	0	0	0	14	14	220
// 2AM
130	130	130	95	95	95	27	18	8	105	94	56	155	155	106	0	0	0	18	21	40	255	174	0	123	60	0	1.0	2.2	24.6	122	98	0	1996.0	609.0	1.5	30	20	0	23	32	33	3	3	3	3	1	1	1	12	13	220
// 3AM
143	143	143	95	95	95	26	17	6	44	44	44	216	225	255	3	7	16	61	20	14	255	134	0	183	91	0	7.8	1.9	1.0	123	99	0	953.0	674.0	1.5	30	20	0	23	32	33	3	3	3	5	2	2	2	10	12	220
// 4AM
121	119	139	95	95	95	5	3	0	50	39	37	255	230	202	99	168	188	255	178	38	255	255	0	219	109	0	10.2	1.7	1.0	123	99	0	953.0	571.0	1.5	30	20	0	23	32	33	3	3	3	7	3	3	16	64	51	220
// 5AM
150	116	74	90	90	90	102	62	0	79	64	58	255	233	198	130	176	255	208	176	68	255	128	0	255	128	0	12.7	1.0	1.0	139	100	0	1601.0	756.0	0.8	100	34	25	50	50	50	120	92	88	9	3	3	51	79	91	220
// 6AM
165	133	85	90	90	90	104	64	3	109	89	80	255	236	195	124	173	255	243	255	145	254	128	0	254	127	7	12.8	1.0	1.0	155	50	0	1422.0	572.0	0.5	102	43	35	79	79	79	120	96	92	11	4	4	43	85	98	220
// 7AM
180	150	97	90	90	90	107	66	7	112	91	83	255	239	191	118	170	255	243	255	145	254	128	0	254	126	15	12.9	1.0	1.0	155	50	0	1243.0	389.0	0.5	105	52	46	108	108	108	120	100	97	12	5	5	36	91	105	220
// 8AM
195	167	109	90	90	90	109	68	10	116	94	87	255	242	188	112	167	255	243	255	145	254	128	0	254	126	23	13.1	1.0	1.0	155	50	0	1064.0	205.0	0.5	108	62	57	137	137	137	120	104	101	14	6	6	29	98	113	220
// 9AM
210	184	121	95	95	95	112	71	14	120	97	91	255	245	184	107	165	255	195	246	172	254	128	0	254	125	30	13.2	2.5	12.7	148	99	0	885.0	22.0	1.5	111	71	67	167	167	167	120	108	106	16	6	6	21	104	120	220
// 10AM
225	201	133	100	100	100	114	73	17	123	99	94	255	248	181	101	162	255	148	238	200	254	128	0	254	125	38	13.4	1.0	1.0	188	0	40	1296.0	13.0	1.0	114	81	78	196	196	196	120	112	110	18	7	7	14	111	128	220
// 11AM
240	218	145	100	100	100	117	75	21	127	102	98	255	251	177	95	159	255	100	229	227	254	128	0	254	124	46	13.5	1.0	1.0	204	0	80	1707.0	3.0	1.0	117	90	89	225	225	225	120	116	115	20	8	8	7	117	135	220
//
//	Amb	Amb_Obj	Amb_bl	Amb_Obj_bl	Dir	Sky top	Sky bot	SunCore	SunCorona	SunSz	SprSz	SprBght	Shdw	LightShd	PoleShd	FarClip	FogSt	LightOnGround	LowCloudsRGB	TopCloudRGB	BottomCloudRGB	BlurRGB	WaterRGBA
// Midday
255	236	157	100	100	100	120	78	25	131	105	102	255	255	174	90	157	255	53	221	255	254	128	0	254	124	54	13.7	1.0	1.0	221	0	120	2118.0	-5.0	1.0	120	100	100	255	255	255	120	120	120	22	9	9	0	124	143	220
// 1PM
255	240	161	100	100	100	111	71	21	129	105	96	255	252	166	83	161	254	42	219	251	254	128	0	254	124	54	12.3	1.0	1.0	229	0	120	2069.0	69.0	1.0	120	100	100	255	255	255	120	120	120	19	8	8	9	129	139	220
// 2PM
255	245	166	100	100	100	102	64	17	127	105	90	254	249	158	77	165	253	31	217	248	254	128	0	254	124	53	11.0	1.0	1.0	238	0	119	2020.0	60.0	1.0	119	100	100	254	254	254	119	119	119	17	7	7	18	135	135	220
// 3PM
255	250	171	100	100	100	93	57	13	125	106	84	255	247	151	70	169	253	21	215	244	254	128	0	254	124	54	9.7	1.0	1.0	240	0	120	1970.0	42.0	1.0	120	100	100	255	255	255	120	120	120	15	5	5	28	140	131	220
// 4PM
255	255	176	100	100	100	84	50	10	123	107	78	255	245	143	64	173	253	10	213	241	254	128	0	254	124	54	9.0	1.0	1.0	234	0	120	1921.0	33.0	1.0	120	100	100	255	255	255	120	120	120	13	5	5	37	146	127	220
// 5PM
255	240	161	100	100	100	76	46	5	121	107	72	255	242	135	57	177	252	0	212	238	254	128	0	254	124	54	8.2	1.0	1.0	227	0	120	1872.0	24.0	0.4	120	100	100	255	255	255	120	120	120	11	3	3	46	151	123	220
// 6PM
255	226	146	100	100	100	68	43	0	119	108	67	255	240	128	51	181	252	127	203	124	254	128	0	254	124	54	13.7	1.9	1.0	221	0	120	1823.0	89.0	1.0	120	100	100	255	255	255	120	120	120	9	3	3	56	157	119	220
// 7PM
76	71	45	100	100	100	18	10	0	62	48	24	252	165	86	107	212	255	255	179	9	255	128	0	255	0	0	14.0	1.8	5.3	201	30	68	873.0	154.0	1.0	120	70	70	183	173	166	135	119	114	7	2	2	74	77	44	220
// 8PM
40	40	40	95	95	95	22	14	12	52	40	20	233	153	80	255	83	0	255	139	0	255	128	0	255	0	0	14.0	2.6	4.0	201	30	68	1030.0	219.0	1.0	120	70	70	183	173	166	135	119	114	5	1	1	37	46	36	220
// 9PM
80	68	42	100	100	100	26	16	12	60	49	26	219	153	84	27	0	26	54	15	15	255	128	0	255	0	0	14.0	2.6	24.6	201	30	68	1999.0	284.0	1.0	120	70	70	183	173	166	135	119	114	4	1	1	0	15	28	220
// 10PM
94	94	94	95	95	95	33	21	16	69	58	32	207	153	88	0	0	0	0	0	0	254	170	0	171	0	0	9.6	2.6	24.6	174	64	45	1999.0	349.0	1.3	89	53	46	129	125	121	90	80	76	2	0	0	0	15	24	220
// 11PM
94	94	94	95	95	95	33	21	16	78	67	38	194	154	93	0	0	0	0	0	0	255	212	0	88	0	0	5.3	2.6	24.6	174	64	22	1998.0	414.0	1.3	59	36	23	76	79	77	46	41	39	1	0	0	0	15	20	220
//
//////////////////////////////////////// HURRICANE
//
//	Amb	Amb_Obj	Amb_bl	Amb_Obj_bl	Dir	Sky top	Sky bot	SunCore	SunCorona	SunSz	SprSz	SprBght	Shdw	LightShd	PoleShd	FarClip	FogSt	LightOnGround	LowCloudsRGB	TopCloudRGB	BottomCloudRGB	BlurRGB	WaterRGBA
// Midnight
120	120	120	95	95	95	16	13	11	41	36	38	107	88	70	0	0	0	10	10	10	255	255	0	5	0	0	1.0	1.5	5.2	148	99	0	885.0	22.0	1.5	30	20	0	0	0	0	3	3	3	0	0	0	14	17	28	220
// 1AM
121	121	121	95	95	95	15	13	13	38	35	42	104	89	76	0	0	0	8	9	10	255	255	0	40	18	0	1.0	1.5	1.0	122	98	0	898.0	4.0	1.5	30	20	0	4	6	6	3	3	3	1	0	0	11	18	27	220
// 2AM
123	123	123	95	95	95	14	13	15	35	34	47	100	91	82	0	0	0	7	8	11	255	255	0	76	36	0	1.0	1.5	1.0	122	98	0	912.0	-12.0	1.5	30	20	0	9	12	13	3	3	3	3	1	1	8	19	26	220
// 3AM
124	124	124	95	95	95	13	13	17	32	33	51	97	92	88	0	0	0	6	7	12	255	255	0	111	54	0	1.0	1.6	1.0	122	98	0	925.0	-29.0	1.5	30	20	0	13	19	19	3	3	3	5	2	2	6	20	25	220
// 4AM
126	126	126	95	95	95	12	14	19	30	33	56	94	94	94	0	0	0	18	21	40	255	255	0	147	72	0	1.0	1.6	1.0	122	98	0	939.0	-47.0	1.5	30	20	0	18	25	26	3	3	3	7	3	3	3	21	24	220
// 5AM
113	110	143	95	95	95	31	16	29	44	44	44	174	162	148	3	7	16	73	30	0	255	255	0	183	91	0	1.0	1.6	1.0	123	99	0	953.0	-64.0	1.5	30	20	0	23	32	33	3	3	3	9	3	3	1	23	24	220
// 6AM
130	126	172	95	95	95	28	18	20	56	56	0	255	230	202	188	188	188	255	156	19	255	255	0	219	109	0	1.0	1.7	1.0	123	99	0	953.0	400.0	1.5	30	20	0	255	255	255	246	121	0	11	4	4	32	80	68	220
// 7AM
147	142	201	90	90	90	25	20	12	82	72	40	255	234	197	197	237	255	237	192	96	255	128	0	255	128	0	12.7	1.0	1.0	139	100	0	866.0	865.0	0.8	100	34	25	255	255	255	247	167	89	12	5	5	1	85	84	220
// 8AM
165	159	230	90	90	90	22	22	4	109	89	80	254	238	192	208	240	255	162	161	82	254	128	0	254	127	10	12.9	1.0	1.0	155	50	0	949.0	435.0	0.5	131	78	71	254	254	254	249	213	178	14	6	6	6	84	84	220
// 9AM
186	175	214	100	90	85	36	30	9	114	93	85	255	242	188	141	244	255	228	255	255	254	128	0	254	126	21	13.1	1.0	1.0	171	0	30	1032.0	5.0	1.0	162	122	117	255	255	255	241	211	171	16	6	6	11	84	85	220
// 10AM
208	191	199	100	100	100	51	39	15	120	97	91	255	246	183	179	247	254	183	238	247	254	128	0	254	125	32	13.3	1.0	1.0	188	0	60	1116.0	-1.0	1.0	193	166	163	255	255	255	233	209	165	18	7	7	16	84	86	220
// 11AM
229	207	184	100	100	100	66	48	20	125	101	96	255	250	178	217	251	255	139	222	239	254	128	0	254	124	43	13.5	1.0	1.0	204	0	90	1524.0	37.0	1.0	224	210	209	255	255	255	225	207	159	20	8	8	21	84	87	220
//
//	Amb	Amb_Obj	Amb_bl	Amb_Obj_bl	Dir	Sky top	Sky bot	SunCore	SunCorona	SunSz	SprSz	SprBght	Shdw	LightShd	PoleShd	FarClip	FogSt	LightOnGround	LowCloudsRGB	TopCloudRGB	BottomCloudRGB	BlurRGB	WaterRGBA
// Midday
251	224	169	100	100	100	81	57	26	131	105	102	255	255	174	255	255	255	95	206	232	254	128	0	254	124	54	13.7	1.0	1.0	221	0	120	1932.0	53.0	1.0	255	255	255	255	255	255	217	205	153	22	9	9	26	84	88	220
// 1PM
252	231	170	100	100	100	81	58	29	129	105	96	242	240	160	227	242	242	126	215	236	254	128	0	254	124	54	12.3	1.0	1.0	229	0	120	1914.0	69.0	1.0	255	240	234	255	255	255	197	185	130	20	8	8	33	101	97	220
// 2PM
253	239	172	100	100	100	82	60	32	127	105	90	229	226	146	200	230	229	157	225	241	254	128	0	254	124	53	11.0	1.0	1.0	238	0	119	1896.0	60.0	1.0	254	224	213	254	254	254	178	166	108	18	7	7	41	118	107	220
// 3PM
254	247	174	100	100	100	83	61	35	125	106	84	217	212	132	172	218	217	189	235	245	254	128	0	254	124	54	9.7	1.0	1.0	240	0	120	1877.0	42.0	1.0	255	210	193	255	255	255	159	147	86	16	6	6	49	136	116	220
// 4PM
255	255	176	100	100	100	84	63	39	123	107	78	205	197	118	145	206	204	220	245	250	254	128	0	254	124	54	9.0	1.0	1.0	234	0	120	1859.0	33.0	1.0	255	195	172	255	255	255	139	127	64	14	5	5	57	153	126	220
// 5PM
255	255	169	100	100	100	91	67	34	121	107	72	192	183	104	118	194	192	252	255	255	254	128	0	254	124	54	8.2	1.0	1.0	227	0	120	1841.0	24.0	0.4	255	180	151	255	255	255	120	108	42	12	5	5	65	170	135	220
// 6PM
255	255	162	100	100	100	98	72	29	119	108	67	180	169	90	107	175	152	127	203	124	254	128	0	254	124	54	13.7	1.9	1.0	221	0	120	1823.0	24.0	1.0	255	165	131	255	255	255	101	89	20	11	4	4	73	188	145	220
// 7PM
48	45	29	100	100	100	16	9	0	62	48	24	125	81	42	255	132	0	255	194	10	255	128	0	255	0	0	14.0	1.8	1.0	201	30	68	636.0	23.0	1.0	76	16	0	255	124	0	207	133	3	9	3	3	96	54	1	220
// 8PM
66	66	66	95	95	95	20	12	3	52	40	20	121	82	47	255	78	6	130	29	0	255	128	0	255	0	0	14.0	1.7	1.0	201	30	68	686.0	23.0	1.0	177	0	63	225	99	0	214	67	8	7	2	2	55	39	20	220
// 9PM
79	79	79	100	100	100	19	12	5	49	39	24	118	83	53	0	0	12	6	6	22	255	128	0	255	0	0	14.0	1.7	1.0	201	30	68	735.0	23.0	1.0	120	70	70	0	0	7	1	1	13	5	2	2	14	25	40	220
// 10PM
93	93	93	95	95	95	18	12	7	46	38	29	114	85	59	0	0	0	6	6	11	254	170	0	171	0	0	9.6	1.6	1.0	174	64	45	785.0	22.0	1.3	89	53	46	0	0	4	1	1	9	3	1	1	14	22	36	220
// 11PM
106	106	106	95	95	95	17	12	9	43	37	33	111	86	65	0	0	0	6	6	11	255	212	0	88	0	0	5.3	1.5	1.0	174	64	22	835.0	22.0	1.3	59	36	23	0	0	2	2	2	6	1	0	0	14	19	32	220
//
//////////////////////////////////////// EXTRACOLOURS
//
//	Amb	Amb_Obj	Amb_bl	Amb_Obj_bl	Dir	Sky top	Sky bot	SunCore	SunCorona	SunSz	SprSz	SprBght	Shdw	LightShd	PoleShd	FarClip	FogSt	LightOnGround	LowCloudsRGB	TopCloudRGB	BottomCloudRGB	BlurRGB	WaterRGBA
// Midnight
90	99	102	95	95	95	16	9	0	91	79	48	54	74	89	0	0	0	0	0	0	255	5	8	5	8	0	1.0	1.2	0.6	85	100	0	2000.0	100.0	1.2	70	27	10	45	52	53	52	64	67	0	0	0	45	36	37	213
// 1AM
151	149	148	95	95	95	22	14	0	89	89	115	208	208	211	0	0	0	0	0	0	255	5	8	5	8	0	1.0	1.1	0.6	85	100	0	1234.0	100.0	1.3	70	27	10	45	52	53	52	64	67	0	0	0	45	36	37	213
// 2AM
52	123	127	95	95	95	2	5	0	83	83	58	192	192	151	21	21	21	129	124	102	255	255	0	5	0	0	1.0	1.1	1.0	142	99	0	386.0	5.0	1.5	30	20	0	170	174	166	49	34	10	0	0	0	49	40	44	150
// 3AM
101	101	101	95	95	95	26	26	1	44	38	48	153	175	98	0	0	0	0	0	0	255	155	0	255	0	0	1.0	1.0	1.0	255	100	0	1219.0	100.0	1.3	30	20	0	0	0	0	31	42	50	0	0	0	51	42	47	80
// 4AM
90	87	55	95	95	95	51	31	13	110	116	73	22	16	11	0	0	0	0	0	0	255	128	0	255	128	0	1.0	1.0	1.0	250	100	0	2000.0	100.0	1.2	30	20	0	71	71	71	86	82	83	0	0	0	53	44	51	86
// 5AM
85	85	64	95	95	95	48	33	6	88	83	61	152	144	112	0	0	0	0	0	0	255	128	0	255	0	0	1.0	0.4	1.0	254	100	0	2000.0	100.0	1.1	30	20	0	0	0	0	33	42	50	0	0	0	55	46	54	92
// 6AM
123	123	123	95	95	95	0	0	0	79	64	57	0	0	0	0	0	0	0	0	0	255	128	0	255	128	0	1.0	0.3	0.8	247	100	0	2000.0	100.0	1.0	30	20	0	0	0	0	50	30	0	0	0	0	58	48	58	99
// 7AM
90	91	131	95	95	95	20	17	0	110	113	82	0	0	0	0	0	0	0	0	0	255	128	0	255	0	0	8.4	0.3	0.6	251	100	0	2000.0	100.0	0.9	70	27	10	0	0	0	50	43	36	0	0	0	60	50	61	105
// 8AM
170	148	74	90	90	90	51	25	5	139	101	38	220	225	220	0	0	0	0	0	0	255	128	0	255	128	0	8.4	0.5	0.9	252	100	0	2000.0	100.0	0.8	100	34	25	50	50	50	120	92	88	0	0	0	62	52	65	111
// 9AM
116	116	116	90	90	90	22	10	0	100	71	58	3	2	1	0	0	0	0	0	0	255	128	0	255	0	0	7.4	0.5	0.8	253	50	0	2000.0	100.0	0.5	120	40	40	100	90	100	180	100	100	0	0	0	65	54	69	118
// 10AM
147	127	92	100	90	85	47	31	5	97	97	78	118	94	51	0	0	0	0	0	0	255	128	0	255	128	0	4.4	1.0	1.2	255	0	0	2000.0	100.0	1.0	120	40	40	180	160	180	159	142	106	0	0	0	67	60	75	124
// 11AM
150	163	87	100	100	100	61	25	1	81	70	38	159	142	142	0	0	0	0	0	0	255	128	0	255	0	0	4.4	1.0	0.8	252	0	0	2000.0	100.0	1.0	0	0	0	0	0	0	0	0	0	0	0	0	70	66	82	130
//
//	Amb	Amb_Obj	Amb_bl	Amb_Obj_bl	Dir	Sky top	Sky bot	SunCore	SunCorona	SunSz	SprSz	SprBght	Shdw	LightShd	PoleShd	FarClip	FogSt	LightOnGround	LowCloudsRGB	TopCloudRGB	BottomCloudRGB	BlurRGB	WaterRGBA
// Midday
170	170	170	100	100	100	5	13	3	101	79	79	181	181	181	0	0	0	0	0	0	255	128	0	255	128	0	2.5	1.0	0.3	248	0	0	2000.0	100.0	1.0	120	100	100	230	249	255	90	126	140	0	11	10	72	72	89	137
// 1PM
87	105	98	100	100	100	0	2	0	87	52	46	94	101	94	0	0	0	0	0	0	255	128	0	255	0	0	2.5	1.0	0.3	245	0	0	2000.0	100.0	1.0	120	100	100	255	255	255	120	120	120	31	22	7	75	78	96	143
// 2PM
107	106	120	100	100	100	9	20	0	94	88	60	65	65	54	0	0	0	0	0	0	255	128	0	255	128	0	2.5	1.0	0.2	242	0	0	2000.0	100.0	1.0	120	100	100	255	255	255	120	120	120	2	7	0	77	84	103	149
// 3PM
127	115	101	100	100	100	19	10	0	106	86	84	40	40	12	0	0	0	0	0	0	255	128	0	255	0	0	2.5	1.0	0.3	239	0	0	2000.0	100.0	1.0	120	100	100	255	255	255	120	120	120	0	0	0	80	90	110	156
// 4PM
138	127	126	100	100	100	5	5	5	105	93	89	255	255	255	0	0	0	0	0	0	255	128	0	255	128	120	2.5	1.0	0.3	241	0	0	2000.0	100.0	1.0	120	100	100	255	255	255	120	120	120	9	7	0	78	83	98	162
// 5PM
87	81	81	100	100	100	12	12	6	80	54	45	121	118	90	0	0	0	0	0	0	255	128	0	255	120	120	2.5	0.8	0.3	243	0	0	2000.0	100.0	1.0	120	100	100	255	255	255	120	120	120	9	6	0	76	76	86	168
// 6PM
111	100	89	100	100	100	35	31	14	46	33	19	160	161	147	0	0	0	0	0	0	255	128	0	255	120	120	2.8	0.8	1.4	245	0	0	2000.0	100.0	1.0	120	100	100	255	255	255	146	106	104	1	1	0	75	69	74	175
// 7PM
134	116	94	100	100	100	51	39	19	67	49	46	106	76	68	0	0	0	0	0	0	255	128	0	255	120	120	7.0	0.7	0.3	85	0	0	2000.0	100.0	0.4	120	100	100	255	255	255	173	93	88	6	4	0	73	62	62	181
// 8PM
149	149	149	100	100	100	30	30	15	94	73	73	116	116	137	0	0	0	0	0	0	255	128	0	255	0	0	7.5	1.0	0.0	250	0	0	2000.0	100.0	0.5	120	40	40	172	172	140	200	80	72	4	3	0	72	56	51	187
// 9PM
137	124	110	100	100	100	34	19	9	59	49	51	95	81	81	0	0	0	0	0	0	255	128	0	255	0	0	7.5	0.4	1.0	252	40	0	2000.0	100.0	0.8	120	40	40	148	168	168	200	117	88	2	1	0	65	51	47	194
// 10PM
112	104	110	95	95	95	17	9	4	54	49	54	102	102	103	0	0	0	0	0	0	255	128	0	155	0	0	2.0	1.0	1.0	254	60	0	2000.0	100.0	0.9	120	40	40	111	91	78	150	119	109	1	0	0	58	46	44	200
// 11PM
87	85	110	95	95	95	0	0	0	50	50	57	102	102	103	0	0	0	0	0	0	255	5	0	55	0	0	2.5	1.0	1.0	0	80	0	2000.0	100.0	1.0	100	34	25	100	85	82	69	56	52	0	0	0	51	41	40	206
//
//////////////////////////////////////// ULTRASUNNY
//
//	Amb	Amb_Obj	Amb_bl	Amb_Obj_bl	Dir	Sky top	Sky bot	SunCore	SunCorona	SunSz	SprSz	SprBght	Shdw	LightShd	PoleShd	FarClip	FogSt	LightOnGround	LowCloudsRGB	TopCloudRGB	BottomCloudRGB	BlurRGB	WaterRGBA
// Midnight
77	77	110	34	72	96	19	19	19	28	28	40	175	156	214	0	0	0	0	0	0	212	103	0	229	10	0	1.0	2.9	1.0	148	100	0	1979.0	316.0	1.0	86	51	43	50	50	50	0	0	0	0	0	0	47	38	68	135
// 1AM
89	89	114	95	95	95	18	19	16	27	28	42	155	141	179	0	0	0	4	5	10	198	95	0	220	14	0	1.0	1.5	5.2	148	99	0	1975.0	240.0	1.5	75	45	35	44	46	46	0	0	0	1	0	0	37	34	59	140
// 2AM
101	101	118	95	95	95	18	20	14	26	28	44	136	126	144	0	0	0	9	10	20	184	87	0	212	17	0	0.6	1.5	1.0	122	98	0	1971.0	163.0	1.5	63	38	26	39	42	43	1	1	1	3	1	1	28	31	50	145
// 3AM
113	113	122	95	95	95	17	20	11	25	28	46	117	111	109	0	0	0	13	15	30	170	79	0	203	21	0	0.3	1.5	1.0	122	98	0	1968.0	87.0	1.5	52	32	17	33	39	39	1	1	1	5	2	2	19	28	42	150
// 4AM
126	126	126	95	95	95	17	21	9	25	28	48	98	97	74	0	0	0	18	21	40	156	71	0	195	25	0	0.1	1.6	1.0	122	98	0	1460.0	11.0	1.5	41	26	8	28	35	36	2	2	2	6	2	2	10	25	33	155
// 5AM
113	110	143	95	95	95	31	16	29	44	44	44	216	225	255	9	21	50	97	43	30	205	162	36	207	67	55	13.4	1.6	1.0	123	99	0	953.0	-64.0	1.5	30	20	0	23	32	33	3	3	3	8	3	3	1	22	25	160
// 6AM
127	123	166	95	95	95	35	23	33	56	56	0	140	120	129	99	168	188	255	221	112	255	255	0	219	109	0	9.0	1.7	1.0	123	99	0	953.0	245.0	1.5	30	20	0	23	32	33	3	3	3	10	4	4	76	121	74	76
// 7AM
141	137	190	95	95	95	39	31	38	56	56	0	140	120	129	99	168	188	255	221	112	255	255	0	219	109	0	4.7	1.7	1.0	123	99	0	909.0	555.0	1.5	30	20	0	23	32	33	3	3	3	11	4	4	76	121	74	76
// 8AM
155	150	214	90	90	90	43	39	42	82	72	40	159	142	136	90	205	255	208	176	68	255	128	0	255	128	0	12.7	1.0	1.0	139	100	0	866.0	865.0	0.8	100	34	25	50	50	50	120	92	88	13	5	5	1	98	111	90
// 9AM
170	164	238	90	90	90	47	47	47	109	89	80	178	165	144	79	199	255	178	184	105	254	128	0	254	127	10	12.9	1.0	1.0	155	50	0	949.0	435.0	0.5	104	47	40	91	91	91	120	97	94	15	6	6	1	105	117	104
// 10AM
190	179	220	100	90	85	55	47	38	114	93	85	197	187	151	68	193	255	148	193	142	254	128	0	254	126	21	13.1	1.0	1.0	171	0	30	1032.0	5.0	1.0	108	60	55	132	132	132	120	103	100	16	6	6	1	112	123	118
// 11AM
210	194	203	100	100	100	64	48	29	120	97	91	216	210	159	58	187	255	119	201	180	254	128	0	254	125	32	13.3	1.0	1.0	188	0	60	1116.0	-1.0	1.0	112	73	70	173	173	173	120	108	107	18	7	7	2	120	129	132
//
//	Amb	Amb_Obj	Amb_bl	Amb_Obj_bl	Dir	Sky top	Sky bot	SunCore	SunCorona	SunSz	SprSz	SprBght	Shdw	LightShd	PoleShd	FarClip	FogSt	LightOnGround	LowCloudsRGB	TopCloudRGB	BottomCloudRGB	BlurRGB	WaterRGBA
// Midday
230	209	186	100	100	100	72	49	20	125	101	96	235	232	166	47	181	255	89	210	217	254	128	0	254	124	43	13.5	1.0	1.0	204	0	90	1524.0	37.0	1.0	116	86	85	214	214	214	120	114	113	20	8	8	2	127	135	146
// 1PM
251	224	169	100	100	100	81	50	11	131	105	102	255	255	174	37	175	255	60	219	255	254	128	0	254	124	54	13.7	1.0	1.0	221	0	120	1932.0	44.0	1.0	120	100	100	255	255	255	120	120	120	22	9	9	3	135	141	160
// 2PM
252	234	171	100	100	100	82	50	10	128	105	95	255	252	164	29	169	255	45	217	250	254	128	0	254	124	54	9.0	1.0	1.0	247	0	120	1910.0	51.0	1.0	120	100	100	255	255	255	120	120	120	19	7	7	12	137	135	157
// 3PM
253	244	173	100	100	100	83	50	10	126	106	88	255	249	155	22	163	255	30	215	246	254	128	0	254	124	54	9.7	1.0	1.0	240	0	120	1888.0	42.0	1.0	120	100	100	255	255	255	120	120	120	16	6	6	22	139	129	155
// 4PM
255	255	176	100	100	100	84	50	10	123	106	81	255	246	146	14	157	255	15	213	242	254	128	0	254	124	54	9.0	1.0	1.0	234	0	120	1866.0	33.0	1.0	120	100	100	255	255	255	120	120	120	13	5	5	32	141	123	153
// 5PM
255	255	169	100	100	100	91	56	6	121	107	74	255	243	137	7	151	255	0	212	238	254	128	0	254	124	54	8.2	1.0	1.0	227	0	120	1845.0	24.0	0.4	120	100	100	255	255	255	120	120	120	11	4	4	42	143	117	150
// 6PM
255	255	162	100	100	100	98	63	3	119	108	67	255	240	128	0	145	255	127	176	138	254	128	0	254	124	54	13.7	1.9	1.0	221	0	120	1823.0	66.0	1.0	120	100	100	255	255	255	120	120	120	8	3	3	52	146	111	148
// 7PM
48	48	33	100	100	100	15	4	0	22	14	7	252	165	86	127	92	183	255	194	10	255	128	0	255	0	0	14.0	1.8	1.0	201	30	68	636.0	107.0	1.0	120	70	70	183	173	166	135	119	114	5	2	2	243	137	4	146
// 8PM
68	70	81	95	95	95	21	12	11	18	13	10	172	118	70	255	39	0	255	112	0	255	165	0	255	142	29	14.0	1.7	1.0	201	30	68	906.0	149.0	1.0	120	70	70	183	173	166	135	119	114	2	1	1	135	84	7	144
// 9PM
115	117	129	100	100	100	9	13	23	15	13	13	92	71	54	0	0	9	57	21	0	255	128	0	255	0	0	14.0	1.6	1.0	201	30	68	1177.0	191.0	1.0	120	70	70	183	173	166	135	119	114	0	0	0	27	31	11	141
// 10PM
102	103	122	95	95	95	12	15	21	19	18	22	119	99	107	0	0	15	0	0	9	240	119	0	246	3	0	1.0	1.5	5.2	148	99	0	1986.0	232.0	1.5	108	63	61	138	132	127	89	79	75	0	0	0	33	33	30	139
// 11PM
89	90	116	95	95	95	15	17	20	23	23	31	147	127	160	0	0	7	0	0	4	226	111	0	237	7	0	1.0	1.5	5.2	148	99	0	1982.0	274.0	1.5	97	57	52	94	91	88	44	39	37	0	0	0	40	35	49	137