# 
col
15	15	15	# 0
188	188	180	# 1
42	119	161	# 2
135	32	32	# 3
1	36	79	# 4
134	68	110	# 5
255	182	16	# 6
76	117	183	# 7
189	190	198	# 8
94	112	114	# 9
70	89	122	# 10
101	106	121	# 11
93	126	141	# 12
88	89	90	# 13
214	218	214	# 14
156	161	163	# 15
51	95	63	# 16
115	30	40	# 17
123	20	52	# 18
159	157	148	# 19
59	78	120	# 20
115	46	62	# 21
105	30	59	# 22
150	145	140	# 23
81	84	89	# 24
63	62	69	# 25
165	169	167	# 26
99	92	90	# 27
61	74	104	# 28
151	149	146	# 29
66	31	33	# 30
95	39	43	# 31
132	148	171	# 32
118	123	124	# 33
100	100	100	# 34
90	87	82	# 35
37	37	39	# 36
45	58	53	# 37
147	163	150	# 38
109	122	136	# 39
34	25	24	# 40
111	103	95	# 41
124	38	52	# 42
85	10	21	# 43
25	56	38	# 44
93	30	40	# 45
157	152	114	# 46
122	117	96	# 47
152	149	134	# 48
173	176	176	# 49
132	137	136	# 50
48	79	69	# 51
77	98	104	# 52
22	34	72	# 53
39	47	75	# 54
125	98	86	# 55
158	164	171	# 56
156	141	113	# 57
99	24	34	# 58
78	104	129	# 59
156	156	152	# 60
145	115	71	# 61
102	40	50	# 62
148	157	159	# 63
164	167	165	# 64
142	140	70	# 65
52	26	30	# 66
106	122	140	# 67
170	173	142	# 68
171	152	143	# 69
133	50	65	# 70
111	130	151	# 71
88	88	83	# 72
154	167	144	# 73
96	26	35	# 74
59	59	75	# 75
164	160	150	# 76
170	157	132	# 77
120	44	53	# 78
14	49	109	# 79
104	42	63	# 80
123	113	94	# 81
116	40	50	# 82
30	46	50	# 83
77	50	47	# 84
124	37	78	# 85
46	91	32	# 86
57	90	131	# 87
109	50	65	# 88
167	162	143	# 89
175	177	177	# 90
54	65	85	# 91
109	108	110	# 92
15	106	137	# 93
32	75	107	# 94
239	232	200	# 95
12	39	94	# 96
255	255	255	# 97
94	112	114	# 98
43	47	58	# 99
65	79	55	# 100
255	239	100	# 101
end
car
6ATV, 98,98, 100,100, 99,99, 2,2
ADMIRAL, 10,10, 74,74, 14,14, 19,19, 21,21, 24,24, 30,30, 99,99
CHEETAH, 54,1, 14,1, 52,1, 61,1, 43,1, 51,1, 3,1, 11,1
AUTOGYRO, -15,-16, -15,-16
BAGGAGE, 99,99, 98,98, 76,76
BANSHEE, 54,1, 14,1, 52,1, 61,1, 43,1, 51,1, 3,1, 11,1
PEREN, 18,95, 37,37, 55,95, 58,95, 23,23, 47,95, 66,66, 31,95
BLISTAC, 24,72, 34,73, 44,74, 54,75, 64,72, 57,73, 48,74, 26,75
BMXBOY, 13,13, 22,22, 35,35, 38,38, 2,2, 3,3, 48,48, 51,51
BMXGIRL, 54,80, 67,79, 13,83, 63,39, 32,1, 51,78, 3,39, 40,38
BOBCAT, 55,1, 65,1, 45,1, 35,1, 24,1, 58,1, 67,1, 14,1
BULLDOZE, 13,76, 28,77, 63,78, 42,76, 54,77, 39,78, 11,76, 60,77
BURRITO, 30,73, 16,72, 1,75, 18,74, 42,73, 60,72, 57,75, 48,74
CABBIE, 6,76
CADDY, 56,1, 17,8, 38,34
SPEEDER2, 1,15, 1,53
PIMP, 55,1, 65,1, 45,1, 35,1, 24,1, 58,1, 67,1, 14,1
DELUXO, 96,96, 93,93, 89,89, 66,66, 32,32, 17,17, 30,30
HUEY, -15,-16, -15,-16
HUEYHOSP, -15,-16, -15,-16
ELECTRAG, 0,0, 2,2, 78,78, 73,2, 71,2, 23,2, 32,2
ESPERANT, 28,28, 18,18, 38,38, 59,59, 69,69, 49,49, 75,75, 41,41
FBICAR, 71,73
FIRETRUK, 3,1
GLENDALE, 71,73, 42,1, 0,47, 53,1, 82,81, 98,98, 95,95
GREENWOO, 71,73
HERMES, 58,73, 69,69, 22,73, 18,1, 32,73, 45,45, 13,73, 34,34
HOVERCR, 1,0, 0,1, 3,0, 50,54, 87,66, 41,0, 21,24
IDAHO, 15,1, 49,0, 69,0, 45,0, 51,1, 66,0, 56,0, 3,1
LANDSTAL, 11,73, 18,74, 23,75, 41,76, 64,73, 52,74, 56,75, 32,76
MANANA, 58,73, 69,69, 22,73, 18,1, 32,73, 45,45, 13,73, 34,34
MOP50, 46,66, 27,17, 1,20, 16,16
OCEANIC, 58,73, 69,69, 22,73, 18,1, 32,73, 45,45, 13,73, 34,34
VICECHEE, 54,1, 14,1, 52,1, 61,1, 43,1, 51,1, 3,1, 11,1
SANCHEZ, 46,66, 27,17, 1,20, 23,16, 33,16, 43,16, 69,16
STALLION, 61,39, 51,39, 42,1, 14,1, 17,0, 25,0, 66,29, 47,29
POLICEM, -16,1
BOBO, 6,75, 6,6, 6,76
PATRIOT, 70,74, 34,75, 59,76, 36,77, 49,78, 48,76, 43,77, 45,78
PONY, 1,74, 23,76, 39,77, 45,78, 61,75, 59,76, 33,75, 14,73
SENTINEL, 51,73, 61,74, 41,75, 11,76, 64,77, 40,76, 39,75, 10,74
PCJ600, 13,13, 22,22, 35,35, 38,38, 2,2, 3,3, 48,48, 51,51
MAVERICK, 1,0, 0,1, 3,0, 50,54, 87,66, 41,0, 21,24
REEFER, 3,35, 50,32, 40,26, 66,36
SPEEDER, 1,15, 1,53
LINERUN, 13,76, 28,77, 63,78, 42,76, 54,77, 39,78, 11,76, 60,77
WALTON, 55,1, 65,1, 45,1, 35,1, 24,1, 58,1, 67,1, 14,1
PREDATOR, 2,1
FLATBED, 25,72, 36,73, 48,74, 59,72, 67,73, 34,74, 24,72, 18,73
AMMOTRUK, 71,1, 5,1, 6,1, 7,1, 45,1, 3,1, 7,6, 6,71
BIPLANE, 0,6, 67,79, 13,83, 63,39, 6,0, 51,78, 3,39, 40,38
MOONBEAM, 3,75, 23,76, 32,77, 43,78, 52,75, 63,76, 53,77, 66,78
RUMPO, 30,73, 16,72, 1,75, 18,74, 42,73, 60,72, 57,75, 48,74
YOLA, 1,15, 1,53
TAXI, 6,75, 6,6, 6,76
AMBULAN, 1,3
STRETCH, 72,72, 1,1, 75,75, 78,78
QUAD, 14,80, 23,65, 30,47, 23,18, 98,100, 98,32
JETSKI, 76,52, 76,52, 76,52, 76,52
ENFORCE, 0,1
BOXVIL, 56,75, 75,79, 13,76, 44,27, 67,77, 55,52, 21,26, 74,15
BENSON, 64,78, 25,47, 54,33
COACH, 56,75, 75,79, 13,76, 44,27, 67,77, 55,52, 21,26, 74,15
MULE, 22,77, 32,76, 42,75, 52,74, 62,73, 72,76, 78,75, 1,74
VOODOO, 58,73, 69,69, 22,73, 18,1, 32,73, 45,45, 13,73, 34,34
SECURICA, 4,75
TRASH, 1,75
TOPFUN, 30,73, 16,72, 1,75, 18,74, 42,73, 60,72, 57,75, 48,74
YANKEE, 25,72, 36,73, 48,74, 59,72, 67,73, 34,74, 24,72, 18,73
MRWHOO, 1,16, 1,56, 1,66, 1,53, 1,67
SANDKING, 70,74, 34,75, 59,76, 36,77, 49,78, 48,76, 43,77, 45,78
DINGHY, 1,1
MARQUIS, 1,1
RIO, 1,1
TROPIC, 1,1
FORKLIFT, 6,75, 6,6, 6,76
STREETFI, 24,72, 34,73, 44,74, 54,75
VIRGO, 18,95, 37,37, 55,95, 58,95, 23,23, 47,95, 66,66, 31,95
STINGER, 53,73, 42,74, 56,75, 10,76, 63,77, 28,76, 14,75, 67,74
BFINJECT, 54,80, 67,79, 13,83, 63,39, 32,1, 51,78, 3,39, 40,38
PHEONIX, 53,73, 42,74, 56,75, 10,76, 63,77, 28,76, 14,75, 67,74
SQUALO, 1,15, 1,53
JETMAX, 1,15, 1,53
MESA, 70,74, 34,75, 59,76, 36,77, 49,78, 100,76, 43,77, 45,78
VCNMAV, -15,-16, -15,-16
POLMAV, 46,1
SPARROW, -15,-16, -15,-16
SESPAROW, -15,-16, -15,-16
SCARAB, 1,15, 1,53
CHOLLO, 101,73
COMET, 54,1, 14,1, 52,1, 61,1, 43,1, 51,1, 3,1, 11,1
CUBAN, 71,73
FBIRAN, 70,74, 34,75, 59,76, 36,77, 49,78, 48,76, 43,77, 45,78
GANGBUR, 30,73, 16,72, 1,75, 18,74, 42,73, 60,72, 57,75, 48,74
INFERNUS, 10,73, 3,74, 42,75, 50,73, 57,74, 61,75, 54,73, 13,74
REGINA, 18,95, 37,37, 55,95, 58,95, 23,23, 47,95, 66,66, 31,95
SABRE, 71,73, 54,1, 14,1, 52,1, 61,1, 43,1, 51,1, 3,1, 11,1
SABRETB, 71,73, 54,73, 14,73, 52,73, 61,73, 43,73, 51,73, 3,73, 11,73
SENTXS, 51,0, 61,0, 41,0, 11,0, 64,0, 40,0, 39,0, 10,0
HUNTER, 43,0
WASHIN, 10,10, 74,74, 14,14, 19,19, 21,21, 24,24, 30,30, 99,99
COASTG, 2,1
SKIMMER, 76,14, 76,14, 76,14, 76,14
end