; 
;	A	B	C	D	E	F	G	H	I	J	K
BRASSKNUCKLE,	1250.0,	2500.0,	0.99,	0.05,	50.0,	0.05,	1.0,	0,	0,	0,	0,	0
BUTT_KNIFE,	1250.0,	2500.0,	0.99,	0.05,	50.0,	0.05,	1.0,	0,	0,	0,	0,	0
GOLFCLUB,	1250.0,	2500.0,	0.99,	0.05,	50.0,	0.05,	1.0,	0,	0,	0,	0,	0
NITESTICK,	1250.0,	2500.0,	0.99,	0.05,	50.0,	0.05,	1.0,	0,	0,	0,	0,	0
KNIFECUR,	1250.0,	2500.0,	0.99,	0.05,	50.0,	0.05,	1.0,	0,	0,	0,	0,	0
BAT,	1250.0,	2500.0,	0.99,	0.05,	50.0,	0.05,	1.0,	0,	0,	0,	0,	0
HANDAXE,	1250.0,	2500.0,	0.99,	0.05,	50.0,	0.05,	1.0,	0,	0,	0,	0,	0
GAFF,	1250.0,	2500.0,	0.99,	0.05,	50.0,	0.05,	1.0,	0,	0,	0,	0,	0
MACHETE,	1250.0,	2500.0,	0.99,	0.05,	50.0,	0.05,	1.0,	0,	0,	0,	0,	0
KATANA,	1250.0,	2500.0,	0.99,	0.05,	50.0,	0.05,	1.0,	0,	0,	0,	0,	0
CHNSAW,	1250.0,	2500.0,	0.99,	0.05,	50.0,	0.05,	1.0,	0,	0,	0,	0,	0
GRENADE,	1250.0,	2500.0,	0.99,	0.05,	50.0,	0.05,	1.0,	0,	0,	0,	0,	0
TEARGAS,	1250.0,	2500.0,	0.99,	0.05,	50.0,	0.05,	1.0,	0,	0,	0,	0,	0
MOLOTOV,	1250.0,	2500.0,	0.99,	0.05,	50.0,	0.05,	1.0,	0,	0,	0,	0,	0
BERETTA,	1250.0,	2500.0,	0.99,	0.05,	50.0,	0.05,	1.0,	0,	0,	0,	0,	0
PYTHON,	1250.0,	2500.0,	0.99,	0.05,	50.0,	0.05,	1.0,	0,	0,	0,	0,	0
AK47,	1250.0,	2500.0,	0.99,	0.05,	50.0,	0.05,	1.0,	0,	0,	0,	0,	0
CHROMEGUN,	1250.0,	2500.0,	0.99,	0.05,	50.0,	0.05,	1.0,	0,	0,	0,	0,	0
SHOTGSPA,	1250.0,	2500.0,	0.99,	0.05,	50.0,	0.05,	1.0,	0,	0,	0,	0,	0
BUDDYSHOT,	1250.0,	2500.0,	0.99,	0.05,	50.0,	0.05,	1.0,	0,	0,	0,	0,	0
M16,	1250.0,	2500.0,	0.99,	0.05,	50.0,	0.05,	1.0,	0,	0,	0,	0,	0
SKORPION,	1250.0,	2500.0,	0.99,	0.05,	50.0,	0.05,	1.0,	0,	0,	0,	0,	0
UZI,	1250.0,	2500.0,	0.99,	0.05,	50.0,	0.05,	1.0,	0,	0,	0,	0,	0
INGRAMSL,	1250.0,	2500.0,	0.99,	0.05,	50.0,	0.05,	1.0,	0,	0,	0,	0,	0
MPLNG,	1250.0,	2500.0,	0.99,	0.05,	50.0,	0.05,	1.0,	0,	0,	0,	0,	0
SNIPER,	1250.0,	2500.0,	0.99,	0.05,	50.0,	0.05,	1.0,	0,	0,	0,	0,	0
LASER,	1250.0,	2500.0,	0.99,	0.05,	50.0,	0.05,	1.0,	0,	0,	0,	0,	0
ROCKETLA,	1250.0,	2500.0,	0.99,	0.05,	50.0,	0.05,	1.0,	0,	0,	0,	0,	0
FLAME,	1250.0,	2500.0,	0.99,	0.05,	50.0,	0.05,	1.0,	0,	0,	0,	0,	0
M249,	1250.0,	2500.0,	0.99,	0.05,	50.0,	0.05,	1.0,	0,	0,	0,	0,	0
MINIGUN,	1250.0,	2500.0,	0.99,	0.05,	50.0,	0.05,	1.0,	0,	0,	0,	0,	0
BOMB,	1250.0,	2500.0,	0.99,	0.05,	50.0,	0.05,	1.0,	0,	0,	0,	0,	0
CAMERA,	1250.0,	2500.0,	0.99,	0.05,	50.0,	0.05,	1.0,	0,	0,	0,	0,	0
MINIGUN2,	1250.0,	2500.0,	0.99,	0.05,	50.0,	0.05,	1.0,	0,	0,	0,	0,	0
LANDMINE,	99999.0,	99999.0,	0.99,	0.1,	50.0,	0.0,	1.0,	3,	0,	0,	0,	0
COLUMBIANGATE,	99999.0,	99999.0,	0.99,	0.1,	50.0,	0.0,	1.0,	0,	4,	0,	0,	0
BAR_BARRIER12,	500.0,	5000.0,	0.99,	0.05,	50.0,	350.0,	1.0,	1,	4,	0,	0,	0
LHOUSE_BARRIER1,	250.0,	1500.0,	0.99,	0.05,	50.0,	350.0,	1.0,	1,	4,	0,	0,	0
BAR_BARRIER10,	500.0,	5000.0,	0.99,	0.05,	50.0,	350.0,	1.0,	1,	4,	0,	0,	0
BRIEFCASE,	99999.0,	99999.0,	0.99,	0.1,	50.0,	0.0,	1.0,	0,	0,	0,	0,	0
FIRE_HYDRANT,	150.0,	50.0,	0.99,	0.03,	50.0,	100.0,	1.0,	1,	0,	0,	0,	0
MONEY,	99999.0,	99999.0,	0.99,	0.1,	50.0,	0.0,	1.0,	0,	0,	0,	0,	0
BOLLARDLIGHT,	150.0,	50.0,	0.99,	0.03,	50.0,	100.0,	1.0,	0,	0,	0,	0,	0
BARREL2,	250.0,	150.0,	0.99,	0.05,	50.0,	0.05,	1.0,	0,	0,	0,	0,	0
BARREL1,	50.0,	50.0,	0.99,	0.05,	50.0,	0.05,	1.0,	0,	0,	0,	0,	0
CARDBOARDBOX2,	20.0,	20.0,	0.99,	0.03,	50.0,	0.05,	4.0,	3,	2,	0,	0,	2
CARDBOARDBOX4,	40.0,	80.0,	0.99,	0.04,	50.0,	0.05,	2.5,	3,	2,	0,	0,	2
BARREL3,	100.0,	100.0,	0.99,	0.05,	50.0,	0.05,	1.0,	0,	0,	0,	0,	0
WOODENBOX,	250.0,	250.0,	0.99,	0.04,	50.0,	0.05,	1.5,	3,	0,	1,	0,	2
BARREL4,	100.0,	100.0,	0.99,	0.05,	50.0,	0.05,	1.0,	0,	0,	0,	0,	0
LAMPPOST3,	700.0,	6000.0,	0.99,	0.05,	50.0,	240.0,	1.0,	1,	1,	0,	0,	0
BIN1,	200.0,	140.0,	0.99,	0.05,	50.0,	100.0,	1.0,	1,	0,	0,	0,	0
DUMP1,	900.0,	900.0,	0.99,	0.05,	50.0,	0.05,	1.0,	1,	0,	0,	0,	0
ROADWORKBARRIER1,	30.0,	50.0,	0.99,	0.04,	50.0,	0.05,	1.0,	0,	0,	0,	0,	0
CARDBOARDBOX,	10.0,	10.0,	0.99,	0.03,	50.0,	0.05,	2.5,	3,	2,	0,	0,	2
STREETLAMP2,	600.0,	4000.0,	0.99,	0.05,	50.0,	240.0,	1.0,	1,	1,	0,	0,	0
STREETLAMP1,	600.0,	4000.0,	0.99,	0.05,	50.0,	240.0,	1.0,	1,	1,	0,	0,	0
NOPARKINGSIGN1,	30.0,	50.0,	0.99,	0.05,	50.0,	100.0,	1.0,	0,	1,	0,	0,	0
PHONESIGN,	30.0,	50.0,	0.99,	0.05,	50.0,	100.0,	1.0,	0,	1,	0,	0,	0
WASTEBIN,	10.0,	10.0,	0.97,	0.1,	120.0,	0.05,	1.0,	1,	0,	0,	0,	0
TRAFFICCONE,	25.0,	50.0,	0.99,	0.03,	50.0,	10.0,	2.0,	3,	2,	0,	0,	1
INFO,	99999.0,	99999.0,	0.99,	0.1,	50.0,	0.0,	1.0,	0,	0,	0,	0,	0
HEALTH,	99999.0,	99999.0,	0.99,	0.1,	50.0,	0.0,	1.0,	0,	0,	0,	0,	0
ADRENALINE,	99999.0,	99999.0,	0.99,	0.1,	50.0,	0.0,	1.0,	0,	0,	0,	0,	0
BODYARMOUR,	99999.0,	99999.0,	0.99,	0.1,	50.0,	0.0,	1.0,	0,	0,	0,	0,	0
PETROLPUMP,	250.0,	350.0,	0.99,	0.05,	50.0,	120.0,	1.0,	0,	0,	0,	0,	0
BRIBE,	99999.0,	99999.0,	0.99,	0.1,	50.0,	0.0,	1.0,	0,	0,	0,	0,	0
BONUS,	99999.0,	99999.0,	0.99,	0.1,	50.0,	0.0,	1.0,	0,	0,	0,	0,	0
FAKETARGET,	99999.0,	99999.0,	0.99,	0.1,	50.0,	0.0,	1.0,	0,	0,	0,	0,	0
SMASHBAR,	99999.0,	99999.0,	0.99,	0.1,	50.0,	0.0,	1.0,	3,	0,	0,	0,	4
CAMERAPICKUP,	99999.0,	99999.0,	0.99,	0.1,	50.0,	0.0,	1.0,	0,	0,	0,	0,	0
KILLFRENZY,	99999.0,	99999.0,	0.99,	0.1,	50.0,	0.0,	1.0,	0,	0,	0,	0,	0
PARKINGMETERG,	30.0,	50.0,	0.99,	0.05,	50.0,	100.0,	1.0,	0,	1,	0,	0,	0
GUNBOX,	20.0,	20.0,	0.99,	0.03,	50.0,	0.05,	99.9,	0,	2,	0,	0,	0
PROPERTY_FSALE,	99999.0,	99999.0,	0.99,	0.1,	50.0,	0.0,	1.0,	0,	0,	0,	0,	0
CLOTHESP,	99999.0,	99999.0,	0.99,	0.1,	50.0,	0.0,	1.0,	0,	0,	0,	0,	0
PICKUPSAVE,	99999.0,	99999.0,	0.99,	0.1,	50.0,	0.0,	1.0,	0,	0,	0,	0,	0
POSTBOX1,	200.0,	150.0,	0.99,	0.03,	50.0,	100.0,	1.0,	1,	0,	0,	0,	0
PARKBENCH1,	50.0,	100.0,	0.99,	0.05,	50.0,	5.0,	1.0,	1,	0,	0,	0,	0
PAPERMACHN01,	50.0,	50.0,	0.99,	0.04,	50.0,	0.05,	1.0,	1,	0,	0,	0,	0
LAMPPOST2,	1250.0,	12500.0,	0.99,	0.05,	50.0,	240.0,	1.0,	1,	1,	0,	0,	0
BARRIERM,	30.0,	50.0,	0.99,	0.04,	50.0,	0.05,	0.5,	3,	4,	0,	0,	1
NEWSTANDNEW1,	50.0,	100.0,	0.99,	0.05,	50.0,	1000.0,	2.0,	3,	1,	0,	0,	5
NEWSTANDNEW4,	50.0,	100.0,	0.99,	0.05,	50.0,	1000.0,	2.0,	3,	1,	0,	0,	5
NEWSTANDNEW3,	50.0,	100.0,	0.99,	0.05,	50.0,	1000.0,	2.0,	3,	1,	0,	0,	5
NEWSTANDNEW5,	50.0,	100.0,	0.99,	0.05,	50.0,	1000.0,	2.0,	3,	1,	0,	0,	5
NEWSTANDNEW2,	50.0,	100.0,	0.99,	0.05,	50.0,	1000.0,	2.0,	3,	1,	0,	0,	5
LAMPPOST1,	600.0,	4000.0,	0.99,	0.05,	50.0,	240.0,	1.0,	1,	1,	0,	0,	0
DOUBLESTREETLGHT1,	700.0,	7000.0,	0.99,	0.05,	50.0,	240.0,	1.0,	1,	1,	0,	0,	0
MTRAFFIC1,	1500.0,	12000.0,	0.99,	0.05,	50.0,	280.0,	1.0,	1,	1,	0,	6,	6
MLAMPPOST,	600.0,	4000.0,	0.99,	0.05,	50.0,	240.0,	1.0,	1,	1,	0,	0,	0
MTRAFFIC2,	1500.0,	12000.0,	0.99,	0.05,	50.0,	280.0,	1.0,	1,	1,	0,	6,	6
PARKINGMETER,	60.0,	100.0,	0.99,	0.05,	50.0,	100.0,	1.0,	0,	2,	0,	0,	0
BOUY,	1250.0,	2500.0,	0.99,	0.05,	35.75,	0.0,	1.0,	0,	0,	0,	0,	0
TRASHCAN,	99999.0,	99999.0,	0.99,	0.1,	50.0,	0.0,	1.0,	0,	0,	0,	0,	0
KEYCARD,	99999.0,	99999.0,	0.99,	0.1,	50.0,	0.0,	1.0,	0,	0,	0,	0,	0
PIZZABOX,	10.0,	10.0,	0.99,	0.03,	50.0,	0.05,	2.0,	3,	2,	0,	0,	2
TAR_GUN1,	99999.0,	99999.0,	0.99,	0.1,	50.0,	0.0,	5.0,	3,	0,	0,	0,	2
TAR_CIV1,	99999.0,	99999.0,	0.99,	0.1,	50.0,	0.0,	5.0,	3,	0,	0,	0,	2
PLC_STINGER,	99999.0,	99999.0,	0.99,	0.1,	50.0,	0.0,	1.0,	0,	0,	0,	0,	0
WATERJUMP1,	99999.0,	99999.0,	0.99,	0.1,	50.0,	0.0,	1.0,	0,	0,	1,	0,	0
WGLASSSMASH,	9999.0,	99999.0,	0.99,	0.1,	50.0,	125.0,	1.0,	0,	4,	0,	0,	0
WATERJUMPX2,	99999.0,	99999.0,	0.99,	0.1,	50.0,	0.0,	1.0,	0,	0,	1,	0,	0
ESC_STEP,	99999.0,	99999.0,	0.99,	0.1,	50.0,	0.0,	1.0,	0,	0,	0,	0,	0
WASHGASPUMP,	350.0,	500.0,	0.99,	0.05,	50.0,	120.0,	1.0,	0,	0,	0,	0,	0
DK_WARETANKDOOR1,	99999.0,	99999.0,	0.99,	0.1,	50.0,	0.0,	1.0,	0,	4,	1,	0,	0
DK_CAMJONESDOOR,	99999.0,	99999.0,	0.99,	0.1,	50.0,	0.0,	1.0,	0,	4,	1,	0,	0
DK_PAYNSPRAYDOOR,	99999.0,	99999.0,	0.99,	0.1,	50.0,	0.0,	1.0,	0,	4,	1,	0,	0
DKS_SH_GRG,	99999.0,	99999.0,	0.99,	0.1,	50.0,	0.0,	1.0,	0,	0,	0,	0,	0
HAIWSHPNSDOOR,	99999.0,	99999.0,	0.99,	0.1,	50.0,	0.0,	1.0,	0,	4,	1,	0,	0
DR_HTN_GRGDRA,	99999.0,	99999.0,	0.99,	0.1,	50.0,	0.0,	1.0,	0,	0,	0,	0,	0
HAITIN_SH_GRG,	99999.0,	99999.0,	0.99,	0.1,	50.0,	0.0,	1.0,	0,	0,	0,	0,	0
DT_GSPOT_STAIRS,	99999.0,	99999.0,	0.99,	0.1,	50.0,	0.0,	1.0,	0,	4,	1,	0,	0
ME_BOMBDOOR,	99999.0,	99999.0,	0.99,	0.1,	50.0,	0.0,	1.0,	0,	0,	0,	0,	0
GOLF_GATESCLOSED,	99999.0,	99999.0,	0.99,	0.1,	50.0,	0.0,	1.0,	0,	4,	0,	0,	0
GOLF_GATESOPEN,	99999.0,	99999.0,	0.99,	0.1,	50.0,	0.0,	1.0,	0,	4,	0,	0,	0
CI_JETYGATESOPEN,	99999.0,	99999.0,	0.99,	0.1,	50.0,	0.0,	1.0,	0,	4,	1,	0,	0
CI_JETYGATESCLOSED,	99999.0,	99999.0,	0.99,	0.1,	50.0,	0.0,	1.0,	0,	4,	1,	0,	0
COMGATE2OPEN,	99999.0,	99999.0,	0.99,	0.1,	50.0,	0.0,	1.0,	0,	4,	0,	0,	0
COMGATE1OPEN,	99999.0,	99999.0,	0.99,	0.1,	50.0,	0.0,	1.0,	0,	4,	0,	0,	0
COMGATE1CLOSED,	99999.0,	99999.0,	0.99,	0.1,	50.0,	0.0,	1.0,	0,	4,	0,	0,	0
COMGATE2CLOSED,	99999.0,	99999.0,	0.99,	0.1,	50.0,	0.0,	1.0,	0,	4,	0,	0,	0
DR_DIAZ_GRG,	99999.0,	99999.0,	0.99,	0.1,	50.0,	0.0,	1.0,	0,	0,	0,	0,	0
SVEGRGEDOOR,	99999.0,	99999.0,	0.99,	0.1,	50.0,	0.0,	1.0,	0,	4,	1,	0,	0
WSHPNSDOOR,	99999.0,	99999.0,	0.99,	0.1,	50.0,	0.0,	1.0,	0,	4,	1,	0,	0
PM_GARDOORWNA,	99999.0,	99999.0,	0.99,	0.1,	50.0,	0.0,	1.0,	0,	0,	0,	0,	0
PM_FAIRLIGHTS_DUM,	99999.0,	99999.0,	0.99,	0.1,	50.0,	0.0,	1.0,	0,	0,	0,	0,	0
PM_GARDRSAFE4,	99999.0,	99999.0,	0.99,	0.1,	50.0,	0.0,	1.0,	0,	0,	0,	0,	0
NBECPNSDOOR,	99999.0,	99999.0,	0.99,	0.1,	50.0,	0.0,	1.0,	0,	4,	1,	0,	0
WH_PROP09,	99999.0,	99999.0,	0.99,	0.1,	50.0,	0.0,	1.0,	0,	0,	0,	0,	0
WH_PROP04,	99999.0,	99999.0,	0.99,	0.1,	50.0,	0.0,	1.0,	0,	0,	0,	0,	0
WH_PROP13,	99999.0,	99999.0,	0.99,	0.1,	50.0,	0.0,	1.0,	0,	0,	0,	0,	0
WH_DEBRIS,	99999.0,	99999.0,	0.99,	0.1,	50.0,	0.0,	1.0,	0,	0,	0,	0,	0
DR_BIGSKIPJUMP,	99999.0,	99999.0,	0.99,	0.1,	50.0,	0.0,	1.0,	0,	0,	0,	0,	0
PM_DESTWIN,	9999.0,	99999.0,	0.99,	0.1,	50.0,	125.0,	1.0,	0,	4,	0,	0,	0
LOD_FLTANKS_DEST,	99999.0,	99999.0,	0.99,	0.1,	50.0,	0.0,	1.0,	0,	0,	0,	0,	0
PM_FAIRBWSEAT,	99999.0,	99999.0,	0.99,	0.1,	50.0,	0.0,	1.0,	0,	0,	0,	0,	0
NDC_GOLFBALL,	1250.0,	2500.0,	0.99,	0.05,	50.0,	0.05,	1.0,	0,	0,	0,	0,	0
NDC_BOATRAMPNARROW,	99999.0,	99999.0,	0.99,	0.1,	50.0,	0.0,	1.0,	0,	0,	0,	0,	0
NDC_BUOYRIGHTARROW,	1250.0,	2500.0,	0.99,	0.05,	35.75,	0.0,	1.0,	0,	0,	0,	0,	0
NDC_BUOYLEFTARROW,	1250.0,	2500.0,	0.99,	0.05,	35.75,	0.0,	1.0,	0,	0,	0,	0,	0
NDC_BOATRAMPHUMP,	99999.0,	99999.0,	0.99,	0.1,	50.0,	0.0,	1.0,	0,	0,	0,	0,	0
NDC_NAVALMINE,	99999.0,	99999.0,	0.99,	0.1,	50.0,	0.0,	1.0,	0,	0,	0,	0,	0
NDC_AMMOBOX,	50.0,	50.0,	0.99,	0.05,	50.0,	0.05,	1.0,	0,	0,	0,	0,	0
JM_UMB4_EXIT02,	99999.0,	99999.0,	0.99,	0.1,	50.0,	0.0,	1.0,	0,	0,	0,	0,	0
JM_UMB4_EXIT01,	99999.0,	99999.0,	0.99,	0.1,	50.0,	0.0,	1.0,	0,	0,	0,	0,	0
JM_UMB4_EXIT03,	99999.0,	99999.0,	0.99,	0.1,	50.0,	0.0,	1.0,	0,	0,	0,	0,	0
JM_UMB4_SHUT,	99999.0,	99999.0,	0.99,	0.1,	50.0,	0.0,	1.0,	0,	0,	0,	0,	0
GD_DILDO,	99999.0,	99999.0,	0.99,	0.1,	50.0,	0.0,	1.0,	0,	0,	0,	0,	0
NDC_BUOYTARGET,	1250.0,	2500.0,	0.99,	0.05,	35.75,	0.0,	1.0,	0,	0,	0,	0,	0
PINATA_MAN,	99999.0,	99999.0,	0.99,	0.1,	50.0,	0.0,	1.0,	0,	0,	0,	0,	0
PM_HOTGATELEFT,	99999.0,	99999.0,	0.99,	0.1,	50.0,	0.0,	1.0,	0,	4,	0,	0,	0
SJL_CRATE,	900.0,	900.0,	0.99,	0.05,	50.0,	0.0,	1.0,	1,	0,	0,	0,	0
SJL_BOBOHAND_04,	99999.0,	99999.0,	0.99,	0.1,	50.0,	0.0,	1.0,	0,	0,	0,	0,	0
SJL_BOBOHAND_02,	99999.0,	99999.0,	0.99,	0.1,	50.0,	0.0,	1.0,	0,	0,	0,	0,	0
SJL_BOBOHAND_03,	99999.0,	99999.0,	0.99,	0.1,	50.0,	0.0,	1.0,	0,	0,	0,	0,	0
SJL_BOBOHAND_01,	99999.0,	99999.0,	0.99,	0.1,	50.0,	0.0,	1.0,	0,	0,	0,	0,	0
CA_SP_SPORTSBAG,	50.0,	50.0,	0.99,	0.05,	50.0,	0.05,	1.0,	0,	0,	0,	0,	0
ME_BOOMSHINE_DR,	99999.0,	99999.0,	0.99,	0.1,	50.0,	0.0,	1.0,	0,	0,	0,	0,	0
NDC_DRUGSPILLBIG,	99999.0,	99999.0,	0.99,	0.1,	50.0,	0.0,	1.0,	0,	0,	0,	0,	0
NDC_DRUGSPILL,	99999.0,	99999.0,	0.99,	0.1,	50.0,	0.0,	1.0,	0,	0,	0,	0,	0
NDC_DRUGSTACK,	99999.0,	99999.0,	0.99,	0.1,	50.0,	0.0,	1.0,	0,	0,	0,	0,	0
NDC_DRUGPILE,	99999.0,	99999.0,	0.99,	0.1,	50.0,	0.0,	1.0,	0,	0,	0,	0,	0
NDC_DRUGSOPEN,	99999.0,	99999.0,	0.99,	0.1,	50.0,	0.0,	1.0,	0,	0,	0,	0,	0
GD_ROCKET,	99999.0,	99999.0,	0.99,	0.1,	50.0,	0.0,	1.0,	0,	0,	0,	0,	0
GD_CAMHELICOPTER,	99999.0,	99999.0,	0.99,	0.1,	50.0,	0.0,	1.0,	0,	0,	0,	0,	0
GD_CAMTRUCKBASE,	99999.0,	99999.0,	0.99,	0.1,	50.0,	0.0,	1.0,	0,	0,	0,	0,	0
GD_CAMTRUCKTOP,	99999.0,	99999.0,	0.99,	0.1,	50.0,	0.0,	1.0,	0,	0,	0,	0,	0
PM_WALLHOLED,	99999.0,	99999.0,	0.99,	0.1,	50.0,	0.0,	1.0,	1,	0,	0,	7,	7
PM_WALLWHOLE,	99999.0,	99999.0,	0.99,	0.1,	50.0,	0.0,	1.0,	1,	0,	0,	7,	7
PM_WALLPLASTPILE,	99999.0,	99999.0,	0.99,	0.1,	50.0,	0.0,	1.0,	1,	0,	0,	7,	7
PM_GARDOORWSLUX,	99999.0,	99999.0,	0.99,	0.1,	50.0,	0.0,	1.0,	0,	0,	0,	0,	0
GD_CRATEPILE,	99999.0,	99999.0,	0.99,	0.1,	50.0,	0.0,	1.0,	0,	0,	0,	0,	0
JM_HELIGATE,	99999.0,	99999.0,	0.99,	0.1,	50.0,	0.0,	1.0,	0,	4,	0,	0,	0
JM_CARPOUNDGATE,	99999.0,	99999.0,	0.99,	0.1,	50.0,	0.0,	1.0,	0,	4,	0,	0,	0
NDC_BOATRAMPWIDE,	99999.0,	99999.0,	0.99,	0.1,	50.0,	0.0,	1.0,	0,	0,	0,	0,	0
TESTRAMP2,	99999.0,	99999.0,	0.99,	0.1,	50.0,	0.0,	1.0,	0,	0,	0,	0,	0
TESTRAMP1,	99999.0,	99999.0,	0.99,	0.1,	50.0,	0.0,	1.0,	0,	0,	0,	0,	0
TESTRAMP3,	99999.0,	99999.0,	0.99,	0.1,	50.0,	0.0,	1.0,	0,	0,	0,	0,	0
TESTRAMP4,	99999.0,	99999.0,	0.99,	0.1,	50.0,	0.0,	1.0,	0,	0,	0,	0,	0
TESTRAMP5,	99999.0,	99999.0,	0.99,	0.1,	50.0,	0.0,	1.0,	0,	0,	0,	0,	0
NDC_DRUGPACKET,	20.0,	20.0,	0.99,	0.03,	50.0,	0.05,	1.0,	0,	0,	0,	0,	0
PM_NODE_WALLS,	99999.0,	99999.0,	0.99,	0.1,	50.0,	0.0,	1.0,	1,	0,	0,	7,	7
JM_DKS_BHDOOR,	99999.0,	99999.0,	0.99,	0.1,	50.0,	0.0,	1.0,	0,	0,	0,	0,	0
NDC_BOOMSTACK,	99999.0,	99999.0,	0.99,	0.1,	50.0,	0.0,	1.0,	0,	0,	0,	0,	0
ME_POLICEANTENNEE,	99999.0,	99999.0,	0.99,	0.1,	50.0,	0.0,	1.0,	0,	0,	0,	0,	0
ME_MAINRIGROPE,	99999.0,	99999.0,	0.99,	0.1,	50.0,	0.0,	1.0,	0,	0,	0,	0,	0
NDC_HELIBUCKET,	100.0,	1000.0,	0.99,	0.05,	50.0,	0.05,	1.0,	0,	0,	0,	0,	0
PMDIVIDE_DOOR,	99999.0,	99999.0,	0.99,	0.1,	50.0,	0.0,	1.0,	0,	0,	0,	0,	0
PM_ELEVDOOR,	99999.0,	99999.0,	0.99,	0.1,	50.0,	0.0,	1.0,	0,	0,	0,	0,	0
NDC_HELIRESCUERIG,	100.0,	1000.0,	0.99,	0.05,	50.0,	0.05,	1.0,	0,	0,	0,	0,	0
EB_PROS_2_A_N,	99999.0,	99999.0,	0.99,	0.1,	50.0,	0.0,	1.0,	0,	0,	0,	0,	0
EB_PROT_1_A_N,	99999.0,	99999.0,	0.99,	0.1,	50.0,	0.0,	1.0,	0,	0,	0,	0,	0
EB_PROT_2_A_N,	99999.0,	99999.0,	0.99,	0.1,	50.0,	0.0,	1.0,	0,	0,	0,	0,	0
EB_PROT_3_A_N,	99999.0,	99999.0,	0.99,	0.1,	50.0,	0.0,	1.0,	0,	0,	0,	0,	0
EB_SMUG_3_A_N,	99999.0,	99999.0,	0.99,	0.1,	50.0,	0.0,	1.0,	0,	0,	0,	0,	0
EB_SMUG_2_A_N,	99999.0,	99999.0,	0.99,	0.1,	50.0,	0.0,	1.0,	0,	0,	0,	0,	0
EB_LOAN_1_A_N,	99999.0,	99999.0,	0.99,	0.1,	50.0,	0.0,	1.0,	0,	0,	0,	0,	0
EB_LOAN_2_A_N,	99999.0,	99999.0,	0.99,	0.1,	50.0,	0.0,	1.0,	0,	0,	0,	0,	0
EB_LOAN_3_A_N,	99999.0,	99999.0,	0.99,	0.1,	50.0,	0.0,	1.0,	0,	0,	0,	0,	0
EB_DRUG_1_A_N,	99999.0,	99999.0,	0.99,	0.1,	50.0,	0.0,	1.0,	0,	0,	0,	0,	0
EB_DRUG_2_A_N,	99999.0,	99999.0,	0.99,	0.1,	50.0,	0.0,	1.0,	0,	0,	0,	0,	0
EB_ROB_2_A_N,	99999.0,	99999.0,	0.99,	0.1,	50.0,	0.0,	1.0,	0,	0,	0,	0,	0
EB_ROB_3_A_N,	99999.0,	99999.0,	0.99,	0.1,	50.0,	0.0,	1.0,	0,	0,	0,	0,	0
EB_ROB_1_A_N,	99999.0,	99999.0,	0.99,	0.1,	50.0,	0.0,	1.0,	0,	0,	0,	0,	0
EB_DRUG_3_A_N,	99999.0,	99999.0,	0.99,	0.1,	50.0,	0.0,	1.0,	0,	0,	0,	0,	0
SJL_BOBOHAND_05,	99999.0,	99999.0,	0.99,	0.1,	50.0,	0.0,	1.0,	0,	0,	0,	0,	0
NDC_REDBALLOON,	99999.0,	99999.0,	0.99,	0.1,	50.0,	0.0,	1.0,	0,	0,	0,	8,	8
GD_BRIEFCASE_RED,	99999.0,	99999.0,	0.99,	0.1,	50.0,	0.0,	1.0,	0,	0,	0,	0,	0
GD_BRIEFCASE_BLUE,	99999.0,	99999.0,	0.99,	0.1,	50.0,	0.0,	1.0,	0,	0,	0,	0,	0
GD_BRIEFCASE_BROWN,	99999.0,	99999.0,	0.99,	0.1,	50.0,	0.0,	1.0,	0,	0,	0,	0,	0
PMOFFIDOOR,	99999.0,	99999.0,	0.99,	0.1,	50.0,	0.0,	1.0,	0,	0,	0,	0,	0
DR_LIFESAVER,	250.0,	150.0,	0.99,	0.05,	50.0,	0.05,	1.0,	0,	0,	0,	0,	0
EB_PROS_1_A_N,	99999.0,	99999.0,	0.99,	0.1,	50.0,	0.0,	1.0,	0,	0,	0,	0,	0
EB_PROS_3_A_N,	99999.0,	99999.0,	0.99,	0.1,	50.0,	0.0,	1.0,	0,	0,	0,	0,	0
GD_SAFEDOOR,	99999.0,	99999.0,	0.99,	0.1,	50.0,	0.0,	1.0,	0,	0,	1,	0,	0
NDC_KOCKWHEEL,	99999.0,	99999.0,	0.99,	0.1,	50.0,	0.0,	1.0,	0,	0,	0,	0,	0
ME_LIFTDOOR,	99999.0,	99999.0,	0.99,	0.1,	50.0,	0.0,	1.0,	0,	0,	1,	0,	0
MPLAYCRATE,	99999.0,	99999.0,	0.99,	0.1,	50.0,	0.0,	1.0,	0,	0,	0,	0,	0
MPLAYCRATE_DOORB,	99999.0,	99999.0,	0.99,	0.1,	50.0,	0.0,	1.0,	0,	0,	0,	0,	0
MPLAYCRATE_DOORA,	99999.0,	99999.0,	0.99,	0.1,	50.0,	0.0,	1.0,	0,	0,	0,	0,	0
MEGADAMAGE,	99999.0,	99999.0,	0.99,	0.1,	50.0,	0.0,	1.0,	0,	0,	0,	0,	0
REGENERATOR,	99999.0,	99999.0,	0.99,	0.1,	50.0,	0.0,	1.0,	0,	0,	0,	0,	0
INVISIBLE,	99999.0,	99999.0,	0.99,	0.1,	50.0,	0.0,	1.0,	0,	0,	0,	0,	0
BAD_CAR,	99999.0,	99999.0,	0.99,	0.1,	50.0,	0.0,	1.0,	0,	0,	0,	0,	0
GOOD_CAR,	99999.0,	99999.0,	0.99,	0.1,	50.0,	0.0,	1.0,	0,	0,	0,	0,	0
ED_BLOCKDOCKS,	99999.0,	99999.0,	0.99,	0.1,	50.0,	0.0,	1.0,	0,	0,	0,	0,	0
ED_BLOCKGOLF,	99999.0,	99999.0,	0.99,	0.1,	50.0,	0.0,	1.0,	0,	0,	0,	0,	0
ED_BLOCKPRAWN,	99999.0,	99999.0,	0.99,	0.1,	50.0,	0.0,	1.0,	0,	0,	0,	0,	0
GD_HELIMAGNET,	100.0,	1000.0,	0.99,	0.05,	50.0,	0.05,	1.0,	0,	0,	0,	0,	0
NDC_IMPOUNDSIGNA,	99999.0,	99999.0,	0.99,	0.1,	50.0,	0.0,	1.0,	0,	0,	0,	0,	0
NDC_IMPOUNDSIGNB,	99999.0,	99999.0,	0.99,	0.1,	50.0,	0.0,	1.0,	0,	0,	0,	0,	0
NDC_IMPOUNDSIGND,	99999.0,	99999.0,	0.99,	0.1,	50.0,	0.0,	1.0,	0,	0,	0,	0,	0
NDC_IMPOUNDSIGNC,	99999.0,	99999.0,	0.99,	0.1,	50.0,	0.0,	1.0,	0,	0,	0,	0,	0
NDC_IMPOUNDSTRIKE,	99999.0,	99999.0,	0.99,	0.1,	50.0,	0.0,	1.0,	0,	0,	0,	0,	0
IZ_FBSDRS_BLNK,	99999.0,	99999.0,	0.99,	0.1,	50.0,	0.0,	1.0,	0,	0,	0,	0,	0
JM_DTS_CSDOOR,	99999.0,	99999.0,	0.99,	0.1,	50.0,	0.0,	1.0,	0,	0,	0,	0,	0
NDC_SHOPBAG,	10.0,	10.0,	0.99,	0.03,	50.0,	0.05,	1.0,	0,	0,	0,	0,	0
RAMPAGECOMPLETED,	99999.0,	99999.0,	0.99,	0.1,	50.0,	0.0,	1.0,	0,	0,	0,	0,	0
MAR_A2_STEREO,	40.0,	80.0,	0.99,	0.04,	50.0,	0.05,	1.0,	1,	0,	0,	3,	2
MAR_A2TV,	40.0,	80.0,	0.99,	0.04,	50.0,	0.05,	1.0,	1,	0,	0,	9,	10
GD_BEERTRAY,	99999.0,	99999.0,	0.99,	0.1,	50.0,	0.0,	1.0,	0,	0,	0,	0,	0
GD_CIGAR,	99999.0,	99999.0,	0.99,	0.1,	50.0,	0.0,	1.0,	0,	0,	0,	0,	0
GD_CIGARBOX,	99999.0,	99999.0,	0.99,	0.1,	50.0,	0.0,	1.0,	0,	0,	0,	0,	0
GD_RUBBISH3,	99999.0,	99999.0,	0.99,	0.1,	50.0,	0.0,	1.0,	0,	0,	0,	0,	0
GD_RUBBISH2,	99999.0,	99999.0,	0.99,	0.1,	50.0,	0.0,	1.0,	0,	0,	0,	0,	0
GD_RUBBISH1,	99999.0,	99999.0,	0.99,	0.1,	50.0,	0.0,	1.0,	0,	0,	0,	0,	0
GD_SNACKTRAY,	99999.0,	99999.0,	0.99,	0.1,	50.0,	0.0,	1.0,	0,	0,	0,	0,	0
DR_VALVE,	99999.0,	99999.0,	0.99,	0.1,	50.0,	0.0,	1.0,	1,	0,	0,	3,	2
EBPROP_BARSTOOL,	99999.0,	99999.0,	0.99,	0.1,	50.0,	0.0,	1.0,	1,	0,	0,	3,	2
EBPROP_BED,	99999.0,	99999.0,	0.99,	0.1,	50.0,	0.0,	1.0,	1,	0,	0,	3,	2
EBPROP_BIGBED,	99999.0,	99999.0,	0.99,	0.1,	50.0,	0.0,	1.0,	1,	0,	0,	3,	2
EBPROP_CHAIR,	99999.0,	99999.0,	0.99,	0.1,	50.0,	0.0,	1.0,	1,	0,	0,	0,	0
EBPROP_CLOTHESRAIL,	99999.0,	99999.0,	0.99,	0.1,	50.0,	0.0,	1.0,	1,	0,	0,	3,	2
EBPROP_COMFYCHAIR,	99999.0,	99999.0,	0.99,	0.1,	50.0,	0.0,	1.0,	1,	0,	0,	3,	2
EBPROP_COPIER,	99999.0,	99999.0,	0.99,	0.1,	50.0,	0.0,	1.0,	1,	0,	0,	3,	2
EBPROP_CRATE,	99999.0,	99999.0,	0.99,	0.1,	50.0,	0.0,	1.0,	1,	0,	0,	3,	2
EBPROP_DRUGTABLEA,	99999.0,	99999.0,	0.99,	0.1,	50.0,	0.0,	1.0,	1,	0,	0,	3,	2
EBPROP_DRUGTABLEB,	99999.0,	99999.0,	0.99,	0.1,	50.0,	0.0,	1.0,	1,	0,	0,	3,	2
EBPROP_FLOORLAMP,	99999.0,	99999.0,	0.99,	0.1,	50.0,	0.0,	1.0,	1,	0,	0,	3,	2
EBPROP_GBLASTER,	99999.0,	99999.0,	0.99,	0.1,	50.0,	0.0,	1.0,	1,	0,	0,	3,	2
EBPROP_OFFICEDESKA,	99999.0,	99999.0,	0.99,	0.1,	50.0,	0.0,	1.0,	1,	0,	0,	3,	5
EBPROP_PLANTPOT,	99999.0,	99999.0,	0.99,	0.1,	50.0,	0.0,	1.0,	1,	0,	0,	3,	2
EBPROP_SACK,	99999.0,	99999.0,	0.99,	0.1,	50.0,	0.0,	1.0,	1,	0,	0,	3,	2
EBPROP_SPEAKER,	99999.0,	99999.0,	0.99,	0.1,	50.0,	0.0,	1.0,	1,	0,	0,	3,	2
EBPROP_TABLEROUND,	99999.0,	99999.0,	0.99,	0.1,	50.0,	0.0,	1.0,	1,	0,	0,	3,	2
EBPROP_TABLESQUARE,	99999.0,	99999.0,	0.99,	0.1,	50.0,	0.0,	1.0,	1,	0,	0,	3,	2
EBPROP_TABLEWIDE,	99999.0,	99999.0,	0.99,	0.1,	50.0,	0.0,	1.0,	1,	0,	0,	3,	2
EB_FORSALE,	99999.0,	99999.0,	0.99,	0.1,	50.0,	0.0,	1.0,	0,	0,	1,	0,	0
EB_CONS_A,	99999.0,	99999.0,	0.99,	0.1,	50.0,	0.0,	1.0,	0,	0,	1,	0,	0
EB_PROS_1_A,	99999.0,	99999.0,	0.99,	0.1,	50.0,	0.0,	1.0,	0,	0,	1,	0,	0
EB_ROB_1_A,	99999.0,	99999.0,	0.99,	0.1,	50.0,	0.0,	1.0,	0,	0,	1,	0,	0
EB_ROB_2_A,	99999.0,	99999.0,	0.99,	0.1,	50.0,	0.0,	1.0,	0,	0,	1,	0,	0
EB_LOAN_1_A,	99999.0,	99999.0,	0.99,	0.1,	50.0,	0.0,	1.0,	0,	0,	1,	0,	0
EB_ROB_3_A,	99999.0,	99999.0,	0.99,	0.1,	50.0,	0.0,	1.0,	0,	0,	1,	0,	0
JM_BKS_PEDGTE,	99999.0,	99999.0,	0.99,	0.1,	50.0,	0.0,	1.0,	0,	0,	0,	0,	0
NDC_BIKERAMPNARROW,	99999.0,	99999.0,	0.99,	0.1,	50.0,	0.0,	1.0,	0,	0,	0,	0,	0
EBPROP_DELICOUNTER,	99999.0,	99999.0,	0.99,	0.1,	50.0,	0.0,	1.0,	1,	0,	0,	9,	10
EBPROP_FREEZERFLOOR,	99999.0,	99999.0,	0.99,	0.1,	50.0,	0.0,	1.0,	1,	0,	0,	9,	10
EBPROP_FREEZER,	99999.0,	99999.0,	0.99,	0.1,	50.0,	0.0,	1.0,	1,	0,	0,	9,	10
EB_PROT_1_A,	99999.0,	99999.0,	0.99,	0.1,	50.0,	0.0,	1.0,	0,	0,	1,	0,	0
NDC_MONEYPILE,	99999.0,	99999.0,	0.99,	0.1,	50.0,	0.0,	1.0,	0,	0,	0,	0,	0
NDC_NODAMAGEDESK,	99999.0,	99999.0,	0.99,	0.1,	50.0,	0.0,	1.0,	0,	0,	0,	0,	0
NDC_DEBRISA,	40.0,	80.0,	0.99,	0.04,	50.0,	0.05,	1.0,	0,	0,	0,	0,	0
NDC_DEBRISB,	40.0,	80.0,	0.99,	0.04,	50.0,	0.05,	1.0,	0,	0,	0,	0,	0
NDC_DEBRISC,	40.0,	80.0,	0.99,	0.04,	50.0,	0.05,	1.0,	0,	0,	0,	0,	0
PM_PIERGATE,	99999.0,	99999.0,	0.99,	0.1,	50.0,	0.0,	1.0,	0,	0,	0,	0,	0
PM_GARDOORWSLUT,	99999.0,	99999.0,	0.99,	0.1,	50.0,	0.0,	1.0,	0,	0,	0,	0,	0
JM_BRKS_GATE,	99999.0,	99999.0,	0.99,	0.1,	50.0,	0.0,	1.0,	0,	4,	0,	0,	0
SJL_LEARJET,	99999.0,	99999.0,	0.99,	0.1,	50.0,	0.0,	1.0,	0,	0,	0,	0,	0
SJL_LEARJET_NEAR,	99999.0,	99999.0,	0.99,	0.1,	50.0,	0.0,	1.0,	0,	0,	1,	0,	0
EB_DRUG_3_C,	99999.0,	99999.0,	0.99,	0.1,	50.0,	0.0,	1.0,	0,	0,	1,	0,	0
EB_DRUG_2_C,	99999.0,	99999.0,	0.99,	0.1,	50.0,	0.0,	1.0,	0,	0,	1,	0,	0
EB_DRUG_1_C,	99999.0,	99999.0,	0.99,	0.1,	50.0,	0.0,	1.0,	0,	0,	1,	0,	0
EB_PROT_3_C,	99999.0,	99999.0,	0.99,	0.1,	50.0,	0.0,	1.0,	0,	0,	1,	0,	0
EB_PROT_2_C,	99999.0,	99999.0,	0.99,	0.1,	50.0,	0.0,	1.0,	0,	0,	1,	0,	0
EB_PROT_1_C,	99999.0,	99999.0,	0.99,	0.1,	50.0,	0.0,	1.0,	0,	0,	1,	0,	0
EB_PROS_3_C,	99999.0,	99999.0,	0.99,	0.1,	50.0,	0.0,	1.0,	0,	0,	1,	0,	0
EB_PROS_2_C,	99999.0,	99999.0,	0.99,	0.1,	50.0,	0.0,	1.0,	0,	0,	1,	0,	0
EB_PROS_1_C,	99999.0,	99999.0,	0.99,	0.1,	50.0,	0.0,	1.0,	0,	0,	1,	0,	0
EB_LOAN_3_C,	99999.0,	99999.0,	0.99,	0.1,	50.0,	0.0,	1.0,	0,	0,	1,	0,	0
EB_LOAN_2_C,	99999.0,	99999.0,	0.99,	0.1,	50.0,	0.0,	1.0,	0,	0,	1,	0,	0
EB_LOAN_1_C,	99999.0,	99999.0,	0.99,	0.1,	50.0,	0.0,	1.0,	0,	0,	1,	0,	0
EB_SMUG_3_C,	99999.0,	99999.0,	0.99,	0.1,	50.0,	0.0,	1.0,	0,	0,	1,	0,	0
EB_SMUG_2_C,	99999.0,	99999.0,	0.99,	0.1,	50.0,	0.0,	1.0,	0,	0,	1,	0,	0
EB_SMUG_1_C,	99999.0,	99999.0,	0.99,	0.1,	50.0,	0.0,	1.0,	0,	0,	1,	0,	0
EB_ROB_3_C,	99999.0,	99999.0,	0.99,	0.1,	50.0,	0.0,	1.0,	0,	0,	1,	0,	0
EB_ROB_2_C,	99999.0,	99999.0,	0.99,	0.1,	50.0,	0.0,	1.0,	0,	0,	1,	0,	0
EB_ROB_1_C,	99999.0,	99999.0,	0.99,	0.1,	50.0,	0.0,	1.0,	0,	0,	1,	0,	0
ISD1_BIKE01,	99999.0,	99999.0,	0.99,	0.1,	50.0,	0.0,	1.0,	0,	0,	0,	0,	0
ISD1_BIKE02,	99999.0,	99999.0,	0.99,	0.1,	50.0,	0.0,	1.0,	0,	0,	0,	0,	0
ISD1_BIKE03,	99999.0,	99999.0,	0.99,	0.1,	50.0,	0.0,	1.0,	0,	0,	0,	0,	0
ISD1_CAR01,	99999.0,	99999.0,	0.99,	0.1,	50.0,	0.0,	1.0,	0,	0,	0,	0,	0
ISD1_CAR02,	99999.0,	99999.0,	0.99,	0.1,	50.0,	0.0,	1.0,	0,	0,	0,	0,	0
ISD1_CAR03,	99999.0,	99999.0,	0.99,	0.1,	50.0,	0.0,	1.0,	0,	0,	0,	0,	0
JM_SKYDOOR,	99999.0,	99999.0,	0.99,	0.1,	50.0,	0.0,	1.0,	0,	0,	1,	0,	0
MARTY_CUT_DOOR,	99999.0,	99999.0,	0.99,	0.1,	50.0,	0.0,	1.0,	0,	0,	1,	0,	0
GD_HOTELSOFA,	99999.0,	99999.0,	0.99,	0.1,	50.0,	0.0,	1.0,	1,	0,	0,	3,	2
GD_HOTELSOFABIT,	40.0,	40.0,	0.99,	0.04,	50.0,	0.05,	1.0,	0,	0,	0,	0,	0
NDC_PHILSTICK,	99999.0,	99999.0,	0.99,	0.1,	50.0,	0.0,	1.0,	0,	0,	0,	0,	0
ISD2_BIKE01,	99999.0,	99999.0,	0.99,	0.1,	50.0,	0.0,	1.0,	0,	0,	0,	0,	0
ISD2_BIKE02,	99999.0,	99999.0,	0.99,	0.1,	50.0,	0.0,	1.0,	0,	0,	0,	0,	0
ISD2_BIKE03,	99999.0,	99999.0,	0.99,	0.1,	50.0,	0.0,	1.0,	0,	0,	0,	0,	0
ISD2_CAR02,	99999.0,	99999.0,	0.99,	0.1,	50.0,	0.0,	1.0,	0,	0,	0,	0,	0
ISD2_CAR01,	99999.0,	99999.0,	0.99,	0.1,	50.0,	0.0,	1.0,	0,	0,	0,	0,	0
ISD2_CAR03,	99999.0,	99999.0,	0.99,	0.1,	50.0,	0.0,	1.0,	0,	0,	0,	0,	0
UNLOCKABLEICON,	99999.0,	99999.0,	0.99,	0.1,	50.0,	0.0,	1.0,	0,	0,	0,	0,	0
EBPROP_CASHREG,	99999.0,	99999.0,	0.99,	0.1,	50.0,	0.0,	1.0,	1,	0,	0,	3,	2
GD_PHONEHANDLE,	99999.0,	99999.0,	0.99,	0.1,	50.0,	0.0,	1.0,	0,	0,	0,	0,	0
ME_MAINLIGHTRIG,	99999.0,	99999.0,	0.99,	0.1,	50.0,	0.0,	1.0,	0,	0,	0,	0,	0
STAGELITE_LIGHT1,	99999.0,	99999.0,	0.99,	0.1,	50.0,	0.0,	1.0,	0,	0,	0,	0,	0
STAGELITE_LIGHT2,	99999.0,	99999.0,	0.99,	0.1,	50.0,	0.0,	1.0,	0,	0,	0,	0,	0
STAGELITE_LIGHT3,	99999.0,	99999.0,	0.99,	0.1,	50.0,	0.0,	1.0,	0,	0,	0,	0,	0
STAGELITE_LIGHT4,	99999.0,	99999.0,	0.99,	0.1,	50.0,	0.0,	1.0,	0,	0,	0,	0,	0
STAGELITE_LIGHT5,	99999.0,	99999.0,	0.99,	0.1,	50.0,	0.0,	1.0,	0,	0,	0,	0,	0
JM_BKS_BARRIER,	99999.0,	99999.0,	0.99,	0.1,	50.0,	0.0,	1.0,	0,	0,	0,	0,	0
PS_PHILHEADMIC,	99999.0,	99999.0,	0.99,	0.1,	50.0,	0.0,	1.0,	0,	0,	0,	0,	0
GD_SPRAYCANS,	99999.0,	99999.0,	0.99,	0.1,	50.0,	0.0,	1.0,	0,	0,	0,	0,	0
EBPROP_FILECAB,	99999.0,	99999.0,	0.99,	0.1,	50.0,	0.0,	1.0,	1,	0,	0,	3,	2
NDC_RADIOPHONE,	99999.0,	99999.0,	0.99,	0.1,	50.0,	0.0,	1.0,	0,	0,	0,	0,	0
EB_DRUG_1_A,	99999.0,	99999.0,	0.99,	0.1,	50.0,	0.0,	1.0,	0,	0,	1,	0,	0
EB_DRUG_1_B,	99999.0,	99999.0,	0.99,	0.1,	50.0,	0.0,	1.0,	0,	0,	1,	0,	0
EB_DRUG_2_A,	99999.0,	99999.0,	0.99,	0.1,	50.0,	0.0,	1.0,	0,	0,	1,	0,	0
EB_DRUG_2_B,	99999.0,	99999.0,	0.99,	0.1,	50.0,	0.0,	1.0,	0,	0,	1,	0,	0
EB_DRUG_3_A,	99999.0,	99999.0,	0.99,	0.1,	50.0,	0.0,	1.0,	0,	0,	1,	0,	0
EB_DRUG_3_B,	99999.0,	99999.0,	0.99,	0.1,	50.0,	0.0,	1.0,	0,	0,	1,	0,	0
EB_LOAN_1_B,	99999.0,	99999.0,	0.99,	0.1,	50.0,	0.0,	1.0,	0,	0,	1,	0,	0
EB_LOAN_2_A,	99999.0,	99999.0,	0.99,	0.1,	50.0,	0.0,	1.0,	0,	0,	1,	0,	0
EB_LOAN_2_B,	99999.0,	99999.0,	0.99,	0.1,	50.0,	0.0,	1.0,	0,	0,	1,	0,	0
EB_LOAN_3_A,	99999.0,	99999.0,	0.99,	0.1,	50.0,	0.0,	1.0,	0,	0,	1,	0,	0
EB_LOAN_3_B,	99999.0,	99999.0,	0.99,	0.1,	50.0,	0.0,	1.0,	0,	0,	1,	0,	0
EB_PROS_1_B,	99999.0,	99999.0,	0.99,	0.1,	50.0,	0.0,	1.0,	0,	0,	1,	0,	0
EB_PROS_2_A,	99999.0,	99999.0,	0.99,	0.1,	50.0,	0.0,	1.0,	0,	0,	1,	0,	0
EB_PROS_2_B,	99999.0,	99999.0,	0.99,	0.1,	50.0,	0.0,	1.0,	0,	0,	1,	0,	0
EB_PROS_3_A,	99999.0,	99999.0,	0.99,	0.1,	50.0,	0.0,	1.0,	0,	0,	1,	0,	0
EB_PROS_3_B,	99999.0,	99999.0,	0.99,	0.1,	50.0,	0.0,	1.0,	0,	0,	1,	0,	0
EB_PROT_1_B,	99999.0,	99999.0,	0.99,	0.1,	50.0,	0.0,	1.0,	0,	0,	1,	0,	0
EB_PROT_2_A,	99999.0,	99999.0,	0.99,	0.1,	50.0,	0.0,	1.0,	0,	0,	1,	0,	0
EB_PROT_2_B,	99999.0,	99999.0,	0.99,	0.1,	50.0,	0.0,	1.0,	0,	0,	1,	0,	0
EB_PROT_3_A,	99999.0,	99999.0,	0.99,	0.1,	50.0,	0.0,	1.0,	0,	0,	1,	0,	0
EB_PROT_3_B,	99999.0,	99999.0,	0.99,	0.1,	50.0,	0.0,	1.0,	0,	0,	1,	0,	0
EB_ROB_1_B,	99999.0,	99999.0,	0.99,	0.1,	50.0,	0.0,	1.0,	0,	0,	1,	0,	0
EB_ROB_2_B,	99999.0,	99999.0,	0.99,	0.1,	50.0,	0.0,	1.0,	0,	0,	1,	0,	0
EB_ROB_3_B,	99999.0,	99999.0,	0.99,	0.1,	50.0,	0.0,	1.0,	0,	0,	1,	0,	0
EB_SMUG_1_A,	99999.0,	99999.0,	0.99,	0.1,	50.0,	0.0,	1.0,	0,	0,	1,	0,	0
EB_SMUG_1_B,	99999.0,	99999.0,	0.99,	0.1,	50.0,	0.0,	1.0,	0,	0,	1,	0,	0
EB_SMUG_2_A,	99999.0,	99999.0,	0.99,	0.1,	50.0,	0.0,	1.0,	0,	0,	1,	0,	0
EB_SMUG_2_B,	99999.0,	99999.0,	0.99,	0.1,	50.0,	0.0,	1.0,	0,	0,	1,	0,	0
EB_SMUG_3_A,	99999.0,	99999.0,	0.99,	0.1,	50.0,	0.0,	1.0,	0,	0,	1,	0,	0
EB_SMUG_3_B,	99999.0,	99999.0,	0.99,	0.1,	50.0,	0.0,	1.0,	0,	0,	1,	0,	0
* ;end of file