# 
col
0	0	0	# 0
181	173	148	# 1
123	107	90	# 2
57	41	33	# 3
24	16	16	# 4
189	214	214	# 5
165	173	189	# 6
90	107	132	# 7
49	57	66	# 8
16	24	33	# 9
255	82	57	# 10
198	66	49	# 11
231	115	107	# 12
255	123	115	# 13
132	49	49	# 14
173	57	57	# 15
255	33	33	# 16
123	74	74	# 17
214	33	49	# 18
255	90	99	# 19
231	107	115	# 20
255	41	66	# 21
99	8	24	# 22
189	49	66	# 23
216	40	125	# 24
90	57	57	# 25
74	33	41	# 26
165	41	66	# 27
231	0	41	# 28
198	74	115	# 29
198	24	66	# 30
189	41	82	# 31
132	107	115	# 32
247	24	99	# 33
148	99	115	# 34
222	16	107	# 35
173	148	165	# 36
222	41	123	# 37
239	123	181	# 38
247	148	214	# 39
189	90	140	# 40
247	82	165	# 41
206	132	165	# 42
173	57	123	# 43
222	115	189	# 44
231	206	222	# 45
222	214	222	# 46
198	0	198	# 47
156	49	206	# 48
214	198	231	# 49
165	115	206	# 50
49	33	90	# 51
90	49	115	# 52
123	107	198	# 53
49	41	90	# 54
49	49	74	# 55
140	140	165	# 56
33	41	74	# 57
41	41	99	# 58
33	41	123	# 59
82	82	115	# 60
41	66	140	# 61
173	165	214	# 62
49	99	206	# 63
107	140	148	# 64
49	57	66	# 65
24	41	66	# 66
115	165	214	# 67
74	82	107	# 68
90	107	132	# 69
66	132	189	# 70
99	148	198	# 71
181	206	247	# 72
0	140	222	# 73
82	198	247	# 74
132	165	181	# 75
0	107	148	# 76
49	123	148	# 77
115	189	222	# 78
132	231	247	# 79
57	140	140	# 80
90	206	206	# 81
0	98	222	# 82
8	189	173	# 83
107	140	148	# 84
33	132	8	# 85
57	189	156	# 86
115	247	214	# 87
41	165	115	# 88
49	99	74	# 89
123	239	123	# 90
132	165	123	# 91
57	148	41	# 92
99	165	99	# 93
90	107	82	# 94
132	148	115	# 95
90	148	0	# 96
148	156	82	# 97
255	231	231	# 98
239	222	74	# 99
198	189	66	# 100
255	239	24	# 101
255	222	49	# 102
189	173	90	# 103
247	181	8	# 104
239	222	74	# 105
255	239	165	# 106
66	66	66	# 107
206	181	132	# 108
181	140	82	# 109
231	181	107	# 110
214	148	49	# 111
247	231	206	# 112
140	123	107	# 113
255	148	33	# 114
255	165	82	# 115
255	140	24	# 116
156	99	49	# 117
165	156	140	# 118
214	123	66	# 119
214	156	115	# 120
255	222	198	# 121
239	99	41	# 122
74	57	57	# 123
239	74	24	# 124
255	181	156	# 125
66	49	41	# 126
239	165	156	# 127
15	15	15	# 128 0
202	202	202	# 129 1
42	119	161	# 130 2
143	10	10	# 131 3
1	36	79	# 132 4
134	68	110	# 133 5
255	182	16	# 134 6
76	117	183	# 135 7
189	190	198	# 136 8
94	112	114	# 137 9
70	89	122	# 138 10
101	106	121	# 139 11
93	126	141	# 140 12
88	89	90	# 141 13
214	218	214	# 142 14
156	161	163	# 143 15
51	95	63	# 144 16
115	14	26	# 145 17
123	10	42	# 146 18
159	157	148	# 147 19
59	78	120	# 148 20
115	46	62	# 149 21
105	30	59	# 150 22
150	145	140	# 151 23
81	84	89	# 152 24
63	62	69	# 153 25
165	169	167	# 154 26
99	92	90	# 155 27
61	74	104	# 156 28
151	149	146	# 157 29
66	31	33	# 158 30
95	39	43	# 159 31
132	148	171	# 160 32
118	123	124	# 161 33
100	100	100	# 162 34
90	87	82	# 163 35
37	37	39	# 164 36
45	58	53	# 165 37
147	163	150	# 166 38
109	122	136	# 167 39
34	25	24	# 168 40
111	103	95	# 169 41
124	28	42	# 170 42
95	10	21	# 171 43
25	56	38	# 172 44
93	27	32	# 173 45
157	152	114	# 174 46
122	117	96	# 175 47
152	149	134	# 176 48
173	176	176	# 177 49
132	137	136	# 178 50
48	79	69	# 179 51
77	98	104	# 180 52
22	34	72	# 181 53
39	47	75	# 182 54
125	98	86	# 183 55
158	164	171	# 184 56
156	141	113	# 185 57
109	24	34	# 186 58
78	104	129	# 187 59
156	156	152	# 188 60
145	115	71	# 189 61
102	28	38	# 190 62
148	157	159	# 191 63
164	167	165	# 192 64
142	140	70	# 193 65
52	26	30	# 194 66
106	122	140	# 195 67
170	173	142	# 196 68
171	152	143	# 197 69
133	31	46	# 198 70
111	130	151	# 199 71
88	88	83	# 200 72
154	167	144	# 201 73
96	26	35	# 202 74
59	59	75	# 203 75
164	160	150	# 204 76
170	157	132	# 205 77
120	34	43	# 206 78
14	49	109	# 207 79
114	42	63	# 208 80
123	113	94	# 209 81
116	29	40	# 210 82
30	46	50	# 211 83
77	50	47	# 212 84
124	27	68	# 213 85
46	91	32	# 214 86
57	90	131	# 215 87
109	40	55	# 216 88
167	162	143	# 217 89
175	177	177	# 218 90
54	65	85	# 219 91
109	108	110	# 220 92
15	106	137	# 221 93
32	75	107	# 222 94
239	232	200	# 223 95
12	39	94	# 224 96
255	255	255	# 225 97
94	112	114	# 226 98
43	47	58	# 227 99
65	79	55	# 228 100
255	239	100	# 229 101
0	0	0	# 230 102
0	0	0	# 231 103
0	0	0	# 232 104
0	0	0	# 233 105
0	0	0	# 234 106
0	0	0	# 235 107
0	0	0	# 236 108
0	0	0	# 237 109
0	0	0	# 238 110
0	0	0	# 239 111
0	0	0	# 240 112
0	0	0	# 241 113
0	0	0	# 242 114
0	0	0	# 243 115
0	0	0	# 244 116
0	0	0	# 245 117
0	0	0	# 246 118
0	0	0	# 247 119
0	0	0	# 248 120
0	0	0	# 249 121
0	0	0	# 250 122
0	0	0	# 251 123
0	0	0	# 252 124
0	0	0	# 253 125
0	0	0	# 254 126
0	0	0	# 255 127
end
ped
DFLT PLR
SRPT PLR
LCAL PLR, 0,0,0, 0,0,0, 0,0,0, 0,0,0, 0,0,0, 0,0,0, 0,0,0, 0,0,0, 0,0,0
DFLT COP, 109,126,0,0, 109,126,0,0, 109,126,0,0, 109,126,0,0, 109,126,0,0, 109,126,0,0, 109,126,0,0, 109,126,0,0, 109,126,0,0, 109,126,0,0, 109,126,0,0, 109,126,0,0, 109,126,0,0, 109,126,0,0, 109,126,0,0, 109,126,0,0
SRPT COP, 46,58,0,0, 46,58,0,0, 46,58,0,0, 46,58,0,0
LCAL COP, 0,0,0, 0,0,0, 0,0,0, 0,0,0, 0,0,0, 0,0,0, 0,0,0, 0,0,0, 0,0,0
DFLT SWAT, 1,9,0,0, 2,1,0,0, 112,94,0,0, 98,5,0,0, 45,117,0,0, 2,5,0,0, 121,7,0,0, 98,126,0,0, 121,61,0,0
SRPT SWAT, 0,0,0,0, 0,0,0,0, 0,0,0,0, 0,0,0,0
LCAL SWAT, 0,0,0, 0,0,0, 0,0,0, 0,0,0, 0,0,0, 0,0,0, 0,0,0, 0,0,0, 0,0,0
DFLT FBI, 63,7,0,5, 63,8,0,45, 63,25,0,6, 63,3,0,88, 63,60,0,70, 63,123,0,79, 63,2,0,62, 63,55,0,67, 63,118,0,62
SRPT FBI, 0,0,0,0, 0,0,0,0, 0,0,0,0, 0,0,0,0
LCAL FBI, 0,0,0, 0,0,0, 0,0,0, 0,0,0, 0,0,0, 0,0,0, 0,0,0, 0,0,0, 0,0,0
DFLT ARMY, 112,0,0,0, 120,0,0,0, 98,0,0,0, 109,0,0,0, 121,0,0,0, 112,0,0,0, 98,0,0,0, 121,0,0,0, 112,0,0,0
SRPT ARMY, 0,0,0,0, 0,0,0,0, 0,0,0,0, 0,0,0,0
LCAL ARMY, 0,0,0, 0,0,0, 0,0,0, 0,0,0, 0,0,0, 0,0,0, 0,0,0, 0,0,0, 0,0,0
DFLT MEDIC, 112,0,0,0, 120,0,0,0, 98,0,0,0, 109,0,0,0, 121,0,0,0, 112,0,0,0, 112,0,0,0, 98,0,0,0, 120,0,0,0
SRPT MEDIC, 0,0,0,0, 0,0,0,0, 0,0,0,0, 0,0,0,0
LCAL MEDIC, 0,0,0, 0,0,0, 0,0,0, 0,0,0, 0,0,0, 0,0,0, 0,0,0, 0,0,0, 0,0,0
DFLT FIREMAN, 127,0,0,0, 125,0,0,0, 120,0,0,0, 117,0,0,0, 117,0,0,0, 121,0,0,0, 112,0,0,0, 1,0,0,0, 125,0,0,0
SRPT FIREMAN, 0,0,0,0, 0,0,0,0, 0,0,0,0, 0,0,0,0
LCAL FIREMAN, 0,0,0, 0,0,0, 0,0,0, 0,0,0, 0,0,0, 0,0,0, 0,0,0, 0,0,0, 0,0,0
DFLT MALE01, 53,7,112,61, 18,0,56,26, 92,0,117,103, 87,9,7,87, 27,0,68,27, 106,3,22,114, 10,3,17,22, 117,0,97,123, 70,49,8,79, 22,7,2,49, 57,9,91,87, 98,36,5,10, 39,6,95,39, 30,2,7,17, 10,7,5,10, 40,0,52,6
SRPT MALE01, 0,0,0,0, 0,0,0,0, 0,0,0,0, 0,0,0,0
LCAL MALE01, 0,0,0, 0,0,0, 0,0,0, 0,0,0, 0,0,0, 0,0,0, 0,0,0, 0,0,0, 0,0,0
DFLT MARYJ
SRPT MARYJ
LCAL MARYJ, 0,0,0, 0,0,0, 0,0,0, 0,0,0, 0,0,0, 0,0,0, 0,0,0, 0,0,0, 0,0,0
DFLT HFYST, 38,4,73,86, 78,0,29,87, 11,6,87,74, 48,1,57,44, 7,14,8,10, 86,5,78,0, 18,45,97,66, 119,9,70,38, 67,5,9,88
SRPT HFYST
LCAL HFYST, 0,0,0, 0,0,0, 0,0,0, 0,0,0, 0,0,0, 0,0,0, 0,0,0, 0,0,0, 0,0,0
DFLT HFOST, 10,2,4,0, 28,62,91,0, 77,90,4,0, 79,59,82,0, 85,25,23,0, 97,76,14,0, 50,7,8,0, 39,21,122,0, 63,19,24,0
SRPT HFOST
LCAL HFOST, 0,0,0, 0,0,0, 0,0,0, 0,0,0, 0,0,0, 0,0,0, 0,0,0, 0,0,0, 0,0,0
DFLT HMYST, 68,98,54,7, 79,57,117,83, 13,36,63,63, 74,51,14,74, 108,46,78,5, 28,1,7,12, 117,102,25,12, 124,120,77,78, 102,99,91,9
SRPT HMYST
LCAL HMYST, 0,0,0, 0,0,0, 0,0,0, 0,0,0, 0,0,0, 0,0,0, 0,0,0, 0,0,0, 0,0,0
DFLT HMOST, 115,6,0,0, 76,117,0,0, 11,94,0,0, 63,68,0,0, 21,3,0,0, 60,103,0,0, 50,51,0,0, 110,7,0,0, 10,117,0,0
SRPT HMOST, 0,0,0,0, 0,0,0,0, 0,0,0,0, 0,0,0,0
LCAL HMOST, 0,0,0, 0,0,0, 0,0,0, 0,0,0, 0,0,0, 0,0,0, 0,0,0, 0,0,0, 0,0,0
DFLT HFYRI, 127,50,59,52, 70,5,106,95, 90,89,90,99, 24,0,27,38, 99,75,116,110, 10,70,13,125, 82,63,63,71, 28,53,37,38, 48,40,53,71
SRPT HFYRI, 0,0,0,0, 0,0,0,0, 0,0,0,0, 0,0,0,0
LCAL HFYRI, 0,0,0, 0,0,0, 0,0,0, 0,0,0, 0,0,0, 0,0,0, 0,0,0, 0,0,0, 0,0,0
DFLT HFORI, 50,12,0,28, 70,0,0,78, 88,94,0,89, 3,45,0,87, 22,5,0,22, 119,110,0,117, 100,98,0,119, 51,72,72,5, 39,93,0,43
SRPT HFORI, 0,0,0,0, 0,0,0,0, 0,0,0,0, 0,0,0,0
LCAL HFORI, 0,0,0, 0,0,0, 0,0,0, 0,0,0, 0,0,0, 0,0,0, 0,0,0, 0,0,0, 0,0,0
DFLT HMYRI, 74,7,9,74, 12,87,119,12, 57,10,3,117, 89,46,4,66, 36,9,117,36, 59,106,9,45, 122,9,6,122, 57,28,26,57, 126,70,9,111
SRPT HMYRI
LCAL HMYRI, 0,0,0, 0,0,0, 0,0,0, 0,0,0, 0,0,0, 0,0,0, 0,0,0, 0,0,0, 0,0,0
DFLT HMORI, 8,22,71,8, 2,3,27,2, 120,120,69,120, 11,13,57,11, 75,60,38,8, 8,11,90,120, 6,6,10,6, 3,3,101,3, 103,103,85,103
SRPT HMORI
LCAL HMORI, 0,0,0, 0,0,0, 0,0,0, 0,0,0, 0,0,0, 0,0,0, 0,0,0, 0,0,0, 0,0,0
DFLT HFYBE, 63,82,19,73, 96,90,85,90, 41,28,10,10, 87,87,8,101, 101,63,73,101, 24,78,37,13, 88,24,38,87, 16,26,13,101, 53,74,55,47
SRPT HFYBE, 0,0,0,0, 0,0,0,0, 0,0,0,0, 0,0,0,0
LCAL HFYBE, 0,0,0, 0,0,0, 0,0,0, 0,0,0, 0,0,0, 0,0,0, 0,0,0, 0,0,0, 0,0,0
DFLT HFOBE, 101,67,0,0, 10,18,0,0, 105,41,0,0, 13,85,0,0, 45,68,0,0, 83,125,0,0, 73,93,0,0, 39,61,0,0, 115,28,0,0
SRPT HFOBE, 0,0,0,0, 0,0,0,0, 0,0,0,0, 0,0,0,0
LCAL HFOBE, 0,0,0, 0,0,0, 0,0,0, 0,0,0, 0,0,0, 0,0,0, 0,0,0, 0,0,0, 0,0,0
DFLT HMYBE, 101,0,0,0, 90,0,0,0, 82,0,0,0, 28,0,0,0, 124,0,0,0, 63,0,0,0, 9,0,0,0, 85,0,0,0, 88,0,0,0
SRPT HMYBE
LCAL HMYBE, 0,0,0, 0,0,0, 0,0,0, 0,0,0, 0,0,0, 0,0,0, 0,0,0, 0,0,0, 0,0,0
DFLT HMOBE, 71,41,44,43, 51,39,0,0, 117,14,0,0, 59,104,0,0, 20,61,0,0, 124,92,0,0, 88,71,0,0, 6,90,0,0, 23,10,0,0
SRPT HMOBE
LCAL HMOBE, 0,0,0, 0,0,0, 0,0,0, 0,0,0, 0,0,0, 0,0,0, 0,0,0, 0,0,0, 0,0,0
DFLT HFYBU, 78,86,78,0, 23,61,23,0, 69,16,9,0, 42,9,42,0, 66,13,67,0, 52,90,52,0, 20,8,18,0, 45,123,51,0, 3,98,83,0
SRPT HFYBU
LCAL HFYBU, 0,0,0, 0,0,0, 0,0,0, 0,0,0, 0,0,0, 0,0,0, 0,0,0, 0,0,0, 0,0,0
DFLT HFYMD, 4,8,1,0, 54,4,5,0, 28,0,0,0, 67,4,8,0, 43,0,70,0, 82,55,78,0, 7,37,0,0, 85,7,6,0, 33,3,7,0
SRPT HFYMD, 0,0,0,0, 0,0,0,0, 0,0,0,0, 0,0,0,0
LCAL HFYMD, 0,0,0, 0,0,0, 0,0,0, 0,0,0, 0,0,0, 0,0,0, 0,0,0, 0,0,0, 0,0,0
DFLT HFYCG, 81,8,0,0, 35,0,0,0, 63,6,0,0, 21,2,0,0, 91,51,0,0, 53,3,0,0, 90,66,0,0, 24,0,0,0, 7,2,0,0
SRPT HFYCG, 0,0,0,0, 0,0,0,0, 0,0,0,0, 0,0,0,0
LCAL HFYCG, 0,0,0, 0,0,0, 0,0,0, 0,0,0, 0,0,0, 0,0,0, 0,0,0, 0,0,0, 0,0,0
DFLT HFYPR, 16,0,0,0, 79,0,0,0, 86,0,0,0, 101,0,0,0, 16,0,0,0, 124,0,0,0, 89,0,0,0, 18,0,0,0, 16,0,0,0
SRPT HFYPR
LCAL HFYPR, 0,0,0, 0,0,0, 0,0,0, 0,0,0, 0,0,0, 0,0,0, 0,0,0, 0,0,0, 0,0,0
DFLT HFOTR, 93,84,11,24, 61,25,89,101, 18,59,13,83, 3,66,72,13, 84,40,119,82, 30,42,1,116, 77,109,61,90, 27,117,81,124, 43,89,6,35
SRPT HFOTR
LCAL HFOTR, 0,0,0, 0,0,0, 0,0,0, 0,0,0, 0,0,0, 0,0,0, 0,0,0, 0,0,0, 0,0,0
DFLT HMOTR, 51,90,25,117, 10,74,64,8, 14,46,109,56, 64,21,109,13, 52,46,89,49, 34,83,89,42, 10,75,77,12, 89,104,10,68, 2,67,61,42
SRPT HMOTR
LCAL HMOTR, 0,0,0, 0,0,0, 0,0,0, 0,0,0, 0,0,0, 0,0,0, 0,0,0, 0,0,0, 0,0,0
DFLT HMYAP, 60,115,108,0, 117,60,57,0, 99,8,117,0, 69,3,2,0, 8,5,94,0, 107,14,117,0, 56,57,7,0, 36,119,118,0, 123,120,89,0
SRPT HMYAP, 0,0,0,0, 0,0,0,0, 0,0,0,0, 0,0,0,0
LCAL HMYAP, 0,0,0, 0,0,0, 0,0,0, 0,0,0, 0,0,0, 0,0,0, 0,0,0, 0,0,0, 0,0,0
DFLT HMOCA, 108,63,123,8, 70,22,1,124, 124,74,71,63, 75,122,92,9, 59,23,0,1, 30,120,63,7, 120,92,7,107, 63,73,7,9, 85,119,11,126, 7,12,104,82, 93,73,119,105
SRPT HMOCA
LCAL HMOCA, 0,0,0, 0,0,0, 0,0,0, 0,0,0, 0,0,0, 0,0,0, 0,0,0, 0,0,0, 0,0,0
DFLT BMODK, 52,124,119,8, 89,99,13,117, 117,28,8,45, 61,124,115,8, 7,101,14,77, 25,124,4,0, 94,73,116,117, 117,102,12,63, 55,101,104,9
SRPT BMODK
LCAL BMODK, 0,0,0, 0,0,0, 0,0,0, 0,0,0, 0,0,0, 0,0,0, 0,0,0, 0,0,0, 0,0,0
DFLT BMYCR, 49,16,45,0, 126,122,74,0, 63,51,117,0, 18,104,56,0, 85,107,79,0, 43,53,22,0, 9,5,77,0, 7,4,119,0, 6,11,68,0
SRPT BMYCR
LCAL BMYCR, 0,0,0, 0,0,0, 0,0,0, 0,0,0, 0,0,0, 0,0,0, 0,0,0, 0,0,0, 0,0,0
DFLT BFYST, 87,41,4,61, 10,44,10,70, 39,28,0,62, 85,90,6,7, 74,21,0,119, 99,124,2,92, 28,28,0,71, 24,89,0,27, 48,8,7,74
SRPT BFYST
LCAL BFYST, 0,0,0, 0,0,0, 0,0,0, 0,0,0, 0,0,0, 0,0,0, 0,0,0, 0,0,0, 0,0,0
DFLT BFOST, 124,61,102,0, 82,117,93,0, 89,83,6,0, 101,55,29,0, 53,82,23,0, 41,7,71,0, 101,90,124,0, 50,122,122,0, 103,43,85,0
SRPT BFOST
LCAL BFOST, 0,0,0, 0,0,0, 0,0,0, 0,0,0, 0,0,0, 0,0,0, 0,0,0, 0,0,0, 0,0,0
DFLT BMYST, 5,5,77,18, 67,58,4,21, 102,102,22,88, 16,126,70,58, 82,82,0,23, 92,106,106,10, 24,56,45,84, 5,57,63,63, 68,14,111,92
SRPT BMYST, 0,0,0,0, 0,0,0,0, 0,0,0,0, 0,0,0,0
LCAL BMYST, 0,0,0, 0,0,0, 0,0,0, 0,0,0, 0,0,0, 0,0,0, 0,0,0, 0,0,0, 0,0,0
DFLT BMOST, 48,23,74,44, 29,85,28,88, 89,67,59,30, 52,101,40,96, 90,24,27,77, 53,28,87,14, 24,19,7,108, 10,79,5,14, 28,38,85,94
SRPT BMOST
LCAL BMOST, 0,0,0, 0,0,0, 0,0,0, 0,0,0, 0,0,0, 0,0,0, 0,0,0, 0,0,0, 0,0,0
DFLT BFYRI, 73,4,73,23, 102,24,102,0, 10,0,10,0, 41,0,7,0, 31,4,80,0, 81,9,81,0, 96,10,96,0, 22,0,9,0, 89,59,89,0
SRPT BFYRI
LCAL BFYRI, 0,0,0, 0,0,0, 0,0,0, 0,0,0, 0,0,0, 0,0,0, 0,0,0, 0,0,0, 0,0,0
DFLT BFORI, 10,9,10,11, 102,124,104,0, 88,0,122,0, 73,9,63,0, 85,69,90,0, 39,0,37,0, 30,0,66,0, 116,8,122,0, 50,4,52,0
SRPT BFORI
LCAL BFORI, 0,0,0, 0,0,0, 0,0,0, 0,0,0, 0,0,0, 0,0,0, 0,0,0, 0,0,0, 0,0,0
DFLT BMYRI, 10,20,10,4, 106,3,106,117, 8,85,8,6, 51,30,4,4, 83,4,83,117, 75,101,75,123, 30,70,30,8, 93,102,93,14, 50,52,50,98, 19,10,19,4
SRPT BMYRI
LCAL BMYRI, 0,0,0, 0,0,0, 0,0,0, 0,0,0, 0,0,0, 0,0,0, 0,0,0, 0,0,0, 0,0,0
DFLT BFYBE, 16,16,0,0, 10,10,0,0, 102,101,0,0, 48,48,0,0, 61,61,0,0, 35,35,0,0, 87,87,0,0, 73,73,0,0, 90,90,0,0
SRPT BFYBE
LCAL BFYBE, 0,0,0, 0,0,0, 0,0,0, 0,0,0, 0,0,0, 0,0,0, 0,0,0, 0,0,0, 0,0,0
DFLT BMYBE, 24,101,0,0, 74,76,0,0, 28,99,0,0, 52,10,0,0, 92,99,0,0, 101,83,0,0, 41,53,0,0, 85,36,0,0, 73,78,0,0
SRPT BMYBE
LCAL BMYBE, 0,0,0, 0,0,0, 0,0,0, 0,0,0, 0,0,0, 0,0,0, 0,0,0, 0,0,0, 0,0,0
DFLT BFOBE, 10,21,0,0, 13,41,0,0, 49,62,0,0, 39,67,0,0, 92,83,0,0, 99,35,0,0, 102,90,0,0, 116,99,0,0, 125,122,0,0
SRPT BFOBE
LCAL BFOBE, 0,0,0, 0,0,0, 0,0,0, 0,0,0, 0,0,0, 0,0,0, 0,0,0, 0,0,0, 0,0,0
DFLT BMOBE, 18,19,71,9, 0,61,0,0, 0,39,0,0, 0,88,0,0, 0,44,0,0, 0,87,0,0, 0,82,0,0, 0,28,0,0, 0,102,0,0
SRPT BMOBE
LCAL BMOBE, 0,0,0, 0,0,0, 0,0,0, 0,0,0, 0,0,0, 0,0,0, 0,0,0, 0,0,0, 0,0,0
DFLT BMYBU, 57,23,84,1, 91,20,49,91, 119,18,110,119, 14,37,45,14, 7,101,106,9, 117,18,45,7, 9,70,23,0, 77,51,49,8, 3,101,125,7
SRPT BMYBU
LCAL BMYBU, 0,0,0, 0,0,0, 0,0,0, 0,0,0, 0,0,0, 0,0,0, 0,0,0, 0,0,0, 0,0,0
DFLT BFYPR, 10,0,73,0, 4,4,101,0, 106,6,16,0, 90,112,51,0, 124,9,124,0, 127,0,35,0, 63,0,63,0, 101,0,9,0, 28,45,63,0
SRPT BFYPR
LCAL BFYPR, 0,0,0, 0,0,0, 0,0,0, 0,0,0, 0,0,0, 0,0,0, 0,0,0, 0,0,0, 0,0,0
DFLT BFOTR, 21,79,120,97, 90,101,60,117, 122,70,56,14, 84,49,2,11, 10,41,56,63, 83,104,7,117, 73,21,117,93, 28,30,2,53, 24,6,67,29
SRPT BFOTR
LCAL BFOTR, 0,0,0, 0,0,0, 0,0,0, 0,0,0, 0,0,0, 0,0,0, 0,0,0, 0,0,0, 0,0,0
DFLT BMOTR, 103,76,94,119, 84,95,117,10, 106,2,60,119, 125,119,69,43, 5,97,117,76, 58,76,56,12, 22,113,117,85, 122,119,54,93, 58,109,34,5
SRPT BMOTR
LCAL BMOTR, 0,0,0, 0,0,0, 0,0,0, 0,0,0, 0,0,0, 0,0,0, 0,0,0, 0,0,0, 0,0,0
DFLT BMYPI, 50,86,52,49, 116,82,116,124, 13,8,13,10, 116,28,68,103, 82,46,82,9, 90,102,85,102, 23,28,23,28, 75,90,59,106, 37,72,37,9
SRPT BMYPI
LCAL BMYPI, 0,0,0, 0,0,0, 0,0,0, 0,0,0, 0,0,0, 0,0,0, 0,0,0, 0,0,0, 0,0,0
DFLT BMYBB, 18,5,59,18, 104,112,85,16, 84,9,30,4, 63,9,78,54, 105,0,54,4, 10,0,89,82, 114,117,92,28, 39,9,84,4, 7,123,104,55
SRPT BMYBB
LCAL BMYBB, 0,0,0, 0,0,0, 0,0,0, 0,0,0, 0,0,0, 0,0,0, 0,0,0, 0,0,0, 0,0,0
DFLT WMYCR, 8,119,84,1, 59,125,71,45, 5,19,77,111, 10,117,76,56, 36,7,120,78, 79,55,117,94, 84,1,123,46, 51,68,117,89, 98,8,2,14
SRPT WMYCR
LCAL WMYCR, 0,0,0, 0,0,0, 0,0,0, 0,0,0, 0,0,0, 0,0,0, 0,0,0, 0,0,0, 0,0,0
DFLT WFYST, 81,29,7,0, 24,85,105,0, 92,71,5,0, 53,83,24,0, 63,119,124,0, 10,82,116,0, 18,31,78,0, 28,90,0,0, 10,7,20,0
SRPT WFYST
LCAL WFYST, 0,0,0, 0,0,0, 0,0,0, 0,0,0, 0,0,0, 0,0,0, 0,0,0, 0,0,0, 0,0,0
DFLT WFOST, 85,4,77,0, 30,5,4,0, 86,4,13,0, 122,60,85,0, 35,28,46,0, 63,22,51,0, 119,0,19,0, 8,0,90,0, 50,0,9,0
SRPT WFOST
LCAL WFOST, 0,0,0, 0,0,0, 0,0,0, 0,0,0, 0,0,0, 0,0,0, 0,0,0, 0,0,0, 0,0,0
DFLT WMYST, 7,79,71,5, 88,28,63,79, 45,35,81,5, 73,87,79,127, 96,102,71,7, 5,63,119,0, 125,21,92,101, 93,4,79,53, 28,5,117,64
SRPT WMYST
LCAL WMYST, 0,0,0, 0,0,0, 0,0,0, 0,0,0, 0,0,0, 0,0,0, 0,0,0, 0,0,0, 0,0,0
DFLT WMOST, 56,117,7,0, 88,2,117,0, 117,105,9,0, 22,118,66,0, 6,0,2,0, 63,6,14,0, 20,7,117,0, 85,63,119,0, 38,117,7,0
SRPT WMOST
LCAL WMOST, 0,0,0, 0,0,0, 0,0,0, 0,0,0, 0,0,0, 0,0,0, 0,0,0, 0,0,0, 0,0,0
DFLT WFYRI, 8,16,8,0, 117,73,117,0, 10,101,11,0, 54,81,54,0, 50,41,50,0, 1,53,1,0, 25,5,25,0, 19,82,19,0, 28,106,28,0
SRPT WFYRI, 0,0,0,0, 0,0,0,0, 0,0,0,0, 0,0,0,0
LCAL WFYRI, 0,0,0, 0,0,0, 0,0,0, 0,0,0, 0,0,0, 0,0,0, 0,0,0, 0,0,0, 0,0,0
DFLT WFORI, 88,89,0,0, 75,75,0,0, 3,3,0,0, 11,9,0,0, 81,14,0,0, 92,92,0,0, 31,1,0,0, 52,52,0,0, 93,3,0,0
SRPT WFORI
LCAL WFORI, 0,0,0, 0,0,0, 0,0,0, 0,0,0, 0,0,0, 0,0,0, 0,0,0, 0,0,0, 0,0,0
DFLT WMYRI, 115,9,115,0, 5,122,5,0, 13,66,12,0, 29,99,29,0, 7,0,7,0, 72,16,72,0, 22,6,22,0, 108,6,108,0, 3,74,3,0
SRPT WMYRI
LCAL WMYRI, 0,0,0, 0,0,0, 0,0,0, 0,0,0, 0,0,0, 0,0,0, 0,0,0, 0,0,0, 0,0,0
DFLT WMORI, 61,6,117,120, 9,0,54,121, 17,12,3,106, 8,61,8,8, 121,10,117,121, 110,91,0,3, 93,99,2,120, 27,56,117,60, 42,88,7,7
SRPT WMORI
LCAL WMORI, 0,0,0, 0,0,0, 0,0,0, 0,0,0, 0,0,0, 0,0,0, 0,0,0, 0,0,0, 0,0,0
DFLT WFYBE, 86,99,90,85, 39,70,102,0, 28,73,19,0, 82,21,39,0, 102,82,5,0, 48,93,121,0, 16,20,74,0, 79,61,16,0, 47,83,87,0
SRPT WFYBE
LCAL WFYBE, 0,0,0, 0,0,0, 0,0,0, 0,0,0, 0,0,0, 0,0,0, 0,0,0, 0,0,0, 0,0,0
DFLT WMYBE, 28,76,0,0, 87,101,0,0, 74,63,0,0, 88,16,0,0, 101,70,0,0, 3,101,0,0, 61,43,0,0, 76,87,0,0, 42,52,0,0
SRPT WMYBE
LCAL WMYBE, 0,0,0, 0,0,0, 0,0,0, 0,0,0, 0,0,0, 0,0,0, 0,0,0, 0,0,0, 0,0,0
DFLT WFOBE, 101,87,0,0, 11,18,0,0, 2,63,0,0, 101,30,0,0, 117,33,0,0, 19,101,0,0, 102,92,0,0, 20,104,0,0, 14,50,0,0
SRPT WFOBE
LCAL WFOBE, 0,0,0, 0,0,0, 0,0,0, 0,0,0, 0,0,0, 0,0,0, 0,0,0, 0,0,0, 0,0,0
DFLT WMOBE, 28,74,0,0, 101,85,0,0, 122,98,0,0, 61,35,0,0, 90,82,0,0, 13,18,0,0, 107,6,0,0, 44,28,0,0, 6,116,0,0
SRPT WMOBE
LCAL WMOBE, 0,0,0, 0,0,0, 0,0,0, 0,0,0, 0,0,0, 0,0,0, 0,0,0, 0,0,0, 0,0,0
DFLT WMYCW, 92,8,114,0, 97,123,102,0, 123,79,18,0, 36,121,101,0, 23,6,10,0, 12,63,104,0, 7,120,124,0, 124,106,101,0, 59,108,21,0
SRPT WMYCW
LCAL WMYCW, 0,0,0, 0,0,0, 0,0,0, 0,0,0, 0,0,0, 0,0,0, 0,0,0, 0,0,0, 0,0,0
DFLT WFOGO, 67,19,87,44, 88,19,63,83, 37,11,53,13, 90,18,7,50, 101,76,82,38, 18,116,24,101, 122,85,41,7, 8,88,30,10, 22,5,10,54
SRPT WFOGO, 0,0,0,0, 0,0,0,0, 0,0,0,0, 0,0,0,0
LCAL WFOGO, 0,0,0, 0,0,0, 0,0,0, 0,0,0, 0,0,0, 0,0,0, 0,0,0, 0,0,0, 0,0,0
DFLT WMOGO, 76,49,127,119, 96,7,124,8, 30,13,119,88, 2,10,27,73, 124,13,22,117, 54,5,102,73, 6,39,13,85, 21,91,96,13, 53,7,86,90
SRPT WMOGO, 0,0,0,0, 0,0,0,0, 0,0,0,0, 0,0,0,0
LCAL WMOGO, 0,0,0, 0,0,0, 0,0,0, 0,0,0, 0,0,0, 0,0,0, 0,0,0, 0,0,0, 0,0,0
DFLT WFYLG, 28,0,0,0
SRPT WFYLG
LCAL WFYLG, 0,0,0, 0,0,0, 0,0,0, 0,0,0, 0,0,0, 0,0,0, 0,0,0, 0,0,0, 0,0,0
DFLT WMYLG
SRPT WMYLG
LCAL WMYLG, 0,0,0, 0,0,0, 0,0,0, 0,0,0, 0,0,0, 0,0,0, 0,0,0, 0,0,0, 0,0,0
DFLT WFYBU, 39,101,37,39, 52,98,10,52, 14,0,90,14, 67,37,9,67, 17,27,116,17, 7,37,79,7, 74,50,7,74, 115,72,4,115, 38,64,35,8
SRPT WFYBU
LCAL WFYBU, 0,0,0, 0,0,0, 0,0,0, 0,0,0, 0,0,0, 0,0,0, 0,0,0, 0,0,0, 0,0,0
DFLT WMYBU, 5,16,7,10, 5,54,117,123, 20,88,14,126, 78,66,7,6, 120,124,117,8, 46,22,119,7, 5,34,11,2, 45,89,55,7, 5,63,54,127
SRPT WMYBU, 0,0,0,0, 0,0,0,0, 0,0,0,0, 0,0,0,0
LCAL WMYBU, 0,0,0, 0,0,0, 0,0,0, 0,0,0, 0,0,0, 0,0,0, 0,0,0, 0,0,0, 0,0,0
DFLT WMOBU, 113,0,88,113, 7,13,54,7, 117,11,16,117, 2,6,57,8, 97,101,11,97, 61,5,13,61, 14,0,107,14, 2,5,9,2, 46,9,13,46
SRPT WMOBU
LCAL WMOBU, 0,0,0, 0,0,0, 0,0,0, 0,0,0, 0,0,0, 0,0,0, 0,0,0, 0,0,0, 0,0,0
DFLT WFYPR, 5,47,0,0, 4,16,0,0, 5,82,0,0, 4,10,0,0, 112,99,0,0, 4,24,0,0, 98,90,0,0, 4,124,0,0, 46,53,0,0
SRPT WFYPR, 0,0,0,0, 0,0,0,0, 0,0,0,0, 0,0,0,0
LCAL WFYPR, 0,0,0, 0,0,0, 0,0,0, 0,0,0, 0,0,0, 0,0,0, 0,0,0, 0,0,0, 0,0,0
DFLT WFOTR, 1,89,43,76, 94,40,114,30, 56,44,58,14, 8,103,2,89, 64,10,102,14, 52,11,84,123, 6,70,3,116, 8,11,71,23, 67,94,52,102
SRPT WFOTR
LCAL WFOTR, 0,0,0, 0,0,0, 0,0,0, 0,0,0, 0,0,0, 0,0,0, 0,0,0, 0,0,0, 0,0,0
DFLT WMOTR, 34,94,74,82, 108,69,43,0, 25,11,69,0, 60,100,30,0, 59,117,84,0, 89,117,2,0, 20,115,6,0, 15,70,76,0, 97,103,7,0
SRPT WMOTR
LCAL WMOTR, 0,0,0, 0,0,0, 0,0,0, 0,0,0, 0,0,0, 0,0,0, 0,0,0, 0,0,0, 0,0,0
DFLT WMYPI, 23,22,22,0, 59,4,70,0, 100,24,2,0, 89,63,25,0, 69,122,56,0, 29,26,97,0, 81,7,88,0, 111,126,3,0, 13,27,8,0
SRPT WMYPI
LCAL WMYPI, 0,0,0, 0,0,0, 0,0,0, 0,0,0, 0,0,0, 0,0,0, 0,0,0, 0,0,0, 0,0,0
DFLT WMOCA, 13,86,0,0, 74,10,0,0, 53,29,0,0, 49,117,0,0, 60,14,0,0, 51,1,0,0, 90,71,0,0, 92,36,0,0, 25,116,0,0
SRPT WMOCA
LCAL WMOCA, 0,0,0, 0,0,0, 0,0,0, 0,0,0, 0,0,0, 0,0,0, 0,0,0, 0,0,0, 0,0,0
DFLT WFYJG, 63,7,101,63, 101,0,85,59, 21,0,12,16, 74,7,101,104, 90,0,116,10, 9,0,90,90, 24,0,16,10, 53,0,54,67, 10,0,6,9
SRPT WFYJG
LCAL WFYJG, 0,0,0, 0,0,0, 0,0,0, 0,0,0, 0,0,0, 0,0,0, 0,0,0, 0,0,0, 0,0,0
DFLT WMYJG, 86,59,33,5, 13,28,99,8, 85,74,28,79, 70,92,22,11, 59,79,10,66, 21,101,101,49, 101,10,85,0, 79,66,10,0, 106,82,71,74
SRPT WMYJG
LCAL WMYJG, 0,0,0, 0,0,0, 0,0,0, 0,0,0, 0,0,0, 0,0,0, 0,0,0, 0,0,0, 0,0,0
DFLT WFYSK, 63,87,0,0, 101,124,0,0, 41,90,0,0, 10,82,0,0, 86,21,0,0, 53,74,0,0, 39,83,0,0, 92,101,0,0, 41,47,0,0
SRPT WFYSK
LCAL WFYSK, 0,0,0, 0,0,0, 0,0,0, 0,0,0, 0,0,0, 0,0,0, 0,0,0, 0,0,0, 0,0,0
DFLT WMYSK, 87,13,82,0, 79,73,102,0, 71,47,124,0, 102,92,70,0, 10,86,21,0, 71,85,28,0, 102,124,24,0, 54,10,50,0, 16,90,101,0
SRPT WMYSK
LCAL WMYSK, 0,0,0, 0,0,0, 0,0,0, 0,0,0, 0,0,0, 0,0,0, 0,0,0, 0,0,0, 0,0,0
DFLT WFYSH, 4,63,28,52, 85,23,102,0, 80,59,73,0, 7,122,90,0, 77,82,114,0, 3,50,47,0, 2,92,18,0, 3,19,81,0, 22,100,21,0
SRPT WFYSH
LCAL WFYSH, 0,0,0, 0,0,0, 0,0,0, 0,0,0, 0,0,0, 0,0,0, 0,0,0, 0,0,0, 0,0,0
DFLT WFOSH, 28,13,71,0, 79,85,0,0, 119,106,0,0, 90,104,0,0, 10,67,0,0, 33,38,0,0, 85,99,0,0, 57,10,0,0, 48,74,0,0
SRPT WFOSH
LCAL WFOSH, 0,0,0, 0,0,0, 0,0,0, 0,0,0, 0,0,0, 0,0,0, 0,0,0, 0,0,0, 0,0,0
DFLT JFOTO, 97,21,122,62, 9,114,13,115, 61,83,75,14, 13,71,34,8, 77,22,119,93, 8,18,59,23, 25,12,14,101, 114,67,76,21, 63,119,89,35
SRPT JFOTO
LCAL JFOTO, 0,0,0, 0,0,0, 0,0,0, 0,0,0, 0,0,0, 0,0,0, 0,0,0, 0,0,0, 0,0,0
DFLT JMOTO, 115,66,74,64, 60,46,20,117, 88,109,25,67, 23,62,103,80, 8,119,85,15, 92,34,82,119, 11,117,88,77, 16,69,62,117, 98,70,57,119
SRPT JMOTO
LCAL JMOTO, 0,0,0, 0,0,0, 0,0,0, 0,0,0, 0,0,0, 0,0,0, 0,0,0, 0,0,0, 0,0,0
DFLT PGANG7A, 5,5,123,77, 79,3,60,97, 34,2,60,27, 14,68,56,3, 46,8,2,11, 56,8,95,95, 3,75,111,23, 77,69,68,118, 1,3,113,69
SRPT PGANG7A, 0,0,0,0, 0,0,0,0, 0,0,0,0, 0,0,0,0
LCAL PGANG7A, 0,0,0, 0,0,0, 0,0,0, 0,0,0, 0,0,0, 0,0,0, 0,0,0, 0,0,0, 0,0,0
DFLT PGANG7B, 10,121,77,0, 72,112,120,0, 7,127,2,0, 67,121,8,0, 15,125,109,0, 46,112,113,0, 105,112,110,0, 14,121,110,0, 56,112,118,0
SRPT PGANG7B, 0,0,0,0, 0,0,0,0, 0,0,0,0, 0,0,0,0
LCAL PGANG7B, 0,0,0, 0,0,0, 0,0,0, 0,0,0, 0,0,0, 0,0,0, 0,0,0, 0,0,0, 0,0,0
DFLT GANG1A, 115,7,1,0, 11,2,8,0, 97,7,126,0, 91,2,0,0, 120,7,3,0, 105,95,5,0, 97,117,0,0, 89,84,5,0, 118,109,110,0
SRPT GANG1A
LCAL GANG1A, 0,0,0, 0,0,0, 0,0,0, 0,0,0, 0,0,0, 0,0,0, 0,0,0, 0,0,0, 0,0,0
DFLT GANG1B, 64,3,0,0, 18,17,5,0, 76,6,5,0, 61,34,0,0, 23,5,0,0, 71,7,0,0, 23,109,0,0, 52,9,0,0, 64,1,0,0
SRPT GANG1B
LCAL GANG1B, 0,0,0, 0,0,0, 0,0,0, 0,0,0, 0,0,0, 0,0,0, 0,0,0, 0,0,0, 0,0,0
DFLT GANG2A, 0,109,0,0, 0,117,0,0, 0,120,0,0, 0,113,0,0, 0,119,0,0, 0,2,0,0, 0,3,0,0, 0,111,0,0, 0,113,0,0
SRPT GANG2A
LCAL GANG2A, 0,0,0, 0,0,0, 0,0,0, 0,0,0, 0,0,0, 0,0,0, 0,0,0, 0,0,0, 0,0,0
DFLT GANG2B, 0,60,0,0, 0,67,0,0, 0,7,0,0, 0,6,0,0, 0,68,0,0, 0,56,0,0, 0,59,0,0, 0,64,0,0, 0,80,0,0
SRPT GANG2B
LCAL GANG2B, 0,0,0, 0,0,0, 0,0,0, 0,0,0, 0,0,0, 0,0,0, 0,0,0, 0,0,0, 0,0,0
DFLT GANG3A, 111,5,61,0, 112,16,4,0, 92,63,60,0, 39,127,120,0, 80,6,112,0, 17,36,112,0, 13,13,123,0, 105,5,109,0, 46,13,107,0
SRPT GANG3A
LCAL GANG3A, 0,0,0, 0,0,0, 0,0,0, 0,0,0, 0,0,0, 0,0,0, 0,0,0, 0,0,0, 0,0,0
DFLT GANG3B, 90,104,60,105, 104,112,126,112, 112,101,69,63, 21,21,118,122, 93,16,110,92, 68,10,56,112, 12,117,120,79, 5,90,69,90, 78,59,8,49
SRPT GANG3B
LCAL GANG3B, 0,0,0, 0,0,0, 0,0,0, 0,0,0, 0,0,0, 0,0,0, 0,0,0, 0,0,0, 0,0,0
DFLT GANG4A, 0,112,0,0, 0,98,0,0, 0,121,0,0, 0,125,0,0, 0,120,0,0, 0,121,0,0, 0,98,0,0, 0,112,0,0, 0,121,0,0
SRPT GANG4A, 0,0,0,0, 0,0,0,0, 0,0,0,0, 0,0,0,0
LCAL GANG4A, 0,0,0, 0,0,0, 0,0,0, 0,0,0, 0,0,0, 0,0,0, 0,0,0, 0,0,0, 0,0,0
DFLT GANG4B, 0,127,0,0, 0,106,0,0, 0,108,0,0, 0,110,0,0, 0,112,0,0, 0,120,0,0, 0,121,0,0, 0,120,0,0, 0,109,0,0
SRPT GANG4B, 0,0,0,0, 0,0,0,0, 0,0,0,0, 0,0,0,0
LCAL GANG4B, 0,0,0, 0,0,0, 0,0,0, 0,0,0, 0,0,0, 0,0,0, 0,0,0, 0,0,0, 0,0,0
DFLT GANG5A
SRPT GANG5A
LCAL GANG5A, 0,0,0, 0,0,0, 0,0,0, 0,0,0, 0,0,0, 0,0,0, 0,0,0, 0,0,0, 0,0,0
DFLT GANG5B
SRPT GANG5B
LCAL GANG5B, 0,0,0, 0,0,0, 0,0,0, 0,0,0, 0,0,0, 0,0,0, 0,0,0, 0,0,0, 0,0,0
DFLT GANG6A, 73,28,0,0, 78,85,0,0, 46,99,0,0, 61,10,0,0, 67,124,0,0, 79,87,0,0, 2,28,0,0, 98,50,0,0, 46,39,0,0
SRPT GANG6A
LCAL GANG6A, 0,0,0, 0,0,0, 0,0,0, 0,0,0, 0,0,0, 0,0,0, 0,0,0, 0,0,0, 0,0,0
DFLT GANG6B, 117,28,0,0, 108,83,0,0, 79,116,0,0, 119,101,0,0, 125,63,0,0, 111,5,0,0, 2,90,0,0, 7,28,0,0, 109,67,0,0
SRPT GANG6B
LCAL GANG6B, 0,0,0, 0,0,0, 0,0,0, 0,0,0, 0,0,0, 0,0,0, 0,0,0, 0,0,0, 0,0,0
DFLT GANG7A, 112,78,110,28, 7,77,110,85, 34,78,110,27, 79,68,110,9, 46,60,2,10, 56,91,95,95, 3,75,111,124, 91,69,68,10, 1,71,113,69
SRPT GANG7A
LCAL GANG7A, 0,0,0, 0,0,0, 0,0,0, 0,0,0, 0,0,0, 0,0,0, 0,0,0, 0,0,0, 0,0,0
DFLT GANG7B, 10,62,111,0, 72,67,120,0, 7,60,2,0, 67,6,8,0, 15,5,109,0, 46,81,113,0, 9,97,110,0, 14,76,110,0, 1,70,126,0
SRPT GANG7B
LCAL GANG7B, 0,0,0, 0,0,0, 0,0,0, 0,0,0, 0,0,0, 0,0,0, 0,0,0, 0,0,0, 0,0,0
DFLT GANG8A, 104,88,5,0, 51,63,12,0, 114,67,68,0, 10,20,29,0, 92,99,104,0, 18,13,124,0, 5,9,87,0, 68,10,59,0, 78,105,117,0
SRPT GANG8A
LCAL GANG8A, 0,0,0, 0,0,0, 0,0,0, 0,0,0, 0,0,0, 0,0,0, 0,0,0, 0,0,0, 0,0,0
DFLT GANG8B, 117,88,5,78, 70,91,14,86, 114,67,68,10, 29,20,61,94, 92,99,14,7, 68,13,14,50, 5,9,81,7, 68,12,14,28, 78,105,126,11
SRPT GANG8B, 0,0,0,0, 0,0,0,0, 0,0,0,0, 0,0,0,0
LCAL GANG8B, 0,0,0, 0,0,0, 0,0,0, 0,0,0, 0,0,0, 0,0,0, 0,0,0, 0,0,0, 0,0,0
DFLT GANG9A, 3,5,6,0, 6,109,2,0, 94,2,7,0, 2,6,3,0, 60,0,120,0, 8,1,2,0, 3,0,118,0, 2,0,3,0, 123,5,113,0
SRPT GANG9A, 0,0,0,0, 0,0,0,0, 0,0,0,0, 0,0,0,0
LCAL GANG9A, 0,0,0, 0,0,0, 0,0,0, 0,0,0, 0,0,0, 0,0,0, 0,0,0, 0,0,0, 0,0,0
DFLT GANG9B, 56,73,55,56, 120,38,123,120, 6,13,8,77, 108,7,3,117, 118,93,3,118, 88,7,8,94, 8,45,126,7, 56,113,2,3, 75,1,8,109
SRPT GANG9B, 0,0,0,0, 0,0,0,0, 0,0,0,0, 0,0,0,0
LCAL GANG9B, 0,0,0, 0,0,0, 0,0,0, 0,0,0, 0,0,0, 0,0,0, 0,0,0, 0,0,0, 0,0,0
DFLT DIAGGA, 38,87,0,0, 52,110,0,0, 114,8,0,0, 62,68,0,0, 20,65,0,0, 64,107,0,0, 6,117,0,0, 86,91,0,0, 12,69,0,0
SRPT DIAGGA, 0,0,0,0, 0,0,0,0, 0,0,0,0, 0,0,0,0
LCAL DIAGGA, 0,0,0, 0,0,0, 0,0,0, 0,0,0, 0,0,0, 0,0,0, 0,0,0, 0,0,0, 0,0,0
DFLT DIAGGB, 21,6,0,0, 93,126,0,0, 105,53,0,0, 112,113,0,0, 79,56,0,0, 90,2,0,0
SRPT DIAGGB, 0,0,0,0, 0,0,0,0, 0,0,0,0, 0,0,0,0
LCAL DIAGGB, 0,0,0, 0,0,0, 0,0,0, 0,0,0, 0,0,0, 0,0,0, 0,0,0, 0,0,0, 0,0,0
DFLT GONGGA, 63,0,117,125, 60,0,8,14, 11,0,117,22, 5,0,109,117, 108,0,126,69, 56,0,2,2, 3,0,2,106, 26,0,0,98, 52,0,3,127
SRPT GONGGA, 0,0,0,0, 0,0,0,0, 0,0,0,0, 0,0,0,0
LCAL GONGGA, 0,0,0, 0,0,0, 0,0,0, 0,0,0, 0,0,0, 0,0,0, 0,0,0, 0,0,0, 0,0,0
DFLT GONGGB, 108,0,117,60, 12,0,123,98, 15,0,5,56, 84,0,2,60, 97,0,2,125, 22,0,2,25, 77,0,117,95, 54,0,2,117, 49,0,117,8
SRPT GONGGB, 0,0,0,0, 0,0,0,0, 0,0,0,0, 0,0,0,0
LCAL GONGGB, 0,0,0, 0,0,0, 0,0,0, 0,0,0, 0,0,0, 0,0,0, 0,0,0, 0,0,0, 0,0,0
DFLT MENGGA, 69,54,9,0, 65,65,76,0, 9,109,11,0, 118,8,7,0, 17,3,15,0, 4,68,77,0, 57,109,89,0, 63,66,74,0, 80,68,70,0
SRPT MENGGA, 0,0,0,0, 0,0,0,0, 0,0,0,0, 0,0,0,0
LCAL MENGGA, 0,0,0, 0,0,0, 0,0,0, 0,0,0, 0,0,0, 0,0,0, 0,0,0, 0,0,0, 0,0,0
DFLT MENGGB, 120,120,71,0, 95,95,124,0, 6,7,11,0, 77,77,29,0, 84,84,103,0, 15,15,76,0, 117,117,86,0, 59,58,63,0, 117,109,85,0
SRPT MENGGB, 0,0,0,0, 0,0,0,0, 0,0,0,0, 0,0,0,0
LCAL MENGGB, 0,0,0, 0,0,0, 0,0,0, 0,0,0, 0,0,0, 0,0,0, 0,0,0, 0,0,0, 0,0,0
DFLT DEA1, 34,67,124,0, 67,115,76,0, 5,31,0,0, 49,64,112,0, 7,121,76,0, 125,74,98,0, 13,72,0,0, 79,49,5,0, 7,91,10,0
SRPT DEA1, 0,0,0,0, 0,0,0,0, 0,0,0,0, 0,0,0,0
LCAL DEA1, 0,0,0, 0,0,0, 0,0,0, 0,0,0, 0,0,0, 0,0,0, 0,0,0, 0,0,0, 0,0,0
DFLT DEA2, 90,6,112,0, 78,60,110,0, 13,110,5,0, 39,69,112,0, 67,72,30,0, 76,61,46,0, 5,7,1,0, 69,109,5,0, 1,6,49,0
SRPT DEA2, 0,0,0,0, 0,0,0,0, 0,0,0,0, 0,0,0,0
LCAL DEA2, 0,0,0, 0,0,0, 0,0,0, 0,0,0, 0,0,0, 0,0,0, 0,0,0, 0,0,0, 0,0,0
DFLT VICE1, 49,2,79,0, 13,6,87,0, 38,0,110,0, 80,0,76,0, 59,5,125,0, 109,0,13,0, 79,2,76,0, 24,6,118,0, 83,0,7,0
SRPT VICE1, 0,0,0,0, 0,0,0,0, 0,0,0,0, 0,0,0,0
LCAL VICE1, 0,0,0, 0,0,0, 0,0,0, 0,0,0, 0,0,0, 0,0,0, 0,0,0, 0,0,0, 0,0,0
DFLT VICE2, 87,5,79,0, 41,6,117,0, 78,1,98,0, 27,5,7,0, 63,5,54,0, 125,2,107,0, 13,1,17,0, 53,6,97,0, 19,6,46,0
SRPT VICE2, 0,0,0,0, 0,0,0,0, 0,0,0,0, 0,0,0,0
LCAL VICE2, 0,0,0, 0,0,0, 0,0,0, 0,0,0, 0,0,0, 0,0,0, 0,0,0, 0,0,0, 0,0,0
DFLT BCOP, 127,0,0,0, 125,0,0,0, 117,0,0,0, 121,0,0,0, 120,0,0,0, 127,0,0,0, 117,0,0,0, 110,0,0,0, 112,0,0,0
SRPT BCOP, 0,0,0,0, 0,0,0,0, 0,0,0,0, 0,0,0,0
LCAL BCOP, 0,0,0, 0,0,0, 0,0,0, 0,0,0, 0,0,0, 0,0,0, 0,0,0, 0,0,0, 0,0,0
DFLT ALBERTO
SRPT ALBERTO
LCAL ALBERTO, 0,0,0, 0,0,0, 0,0,0, 0,0,0, 0,0,0, 0,0,0, 0,0,0, 0,0,0, 0,0,0
DFLT ARMAN
SRPT ARMAN
LCAL ARMAN, 0,0,0, 0,0,0, 0,0,0, 0,0,0, 0,0,0, 0,0,0, 0,0,0, 0,0,0, 0,0,0
DFLT BARRY
SRPT BARRY
LCAL BARRY, 0,0,0, 0,0,0, 0,0,0, 0,0,0, 0,0,0, 0,0,0, 0,0,0, 0,0,0, 0,0,0
DFLT BURGER, 124,63,0,0, 82,74,0,0, 101,85,0,0, 30,7,0,0, 10,101,0,0, 77,83,0,0, 2,10,0,0, 6,90,0,0, 97,117,0,0
SRPT BURGER, 0,0,0,0, 0,0,0,0, 0,0,0,0, 0,0,0,0
LCAL BURGER, 0,0,0, 0,0,0, 0,0,0, 0,0,0, 0,0,0, 0,0,0, 0,0,0, 0,0,0, 0,0,0
DFLT BRY
SRPT BRY
LCAL BRY, 0,0,0, 0,0,0, 0,0,0, 0,0,0, 0,0,0, 0,0,0, 0,0,0, 0,0,0, 0,0,0
DFLT BRYB
SRPT BRYB
LCAL BRYB, 0,0,0, 0,0,0, 0,0,0, 0,0,0, 0,0,0, 0,0,0, 0,0,0, 0,0,0, 0,0,0
DFLT BRYE
SRPT BRYE
LCAL BRYE, 0,0,0, 0,0,0, 0,0,0, 0,0,0, 0,0,0, 0,0,0, 0,0,0, 0,0,0, 0,0,0
DFLT COKHED, 112,98,5,81, 72,56,77,13, 86,104,106,117, 83,30,90,96, 23,19,18,7, 13,83,70,58, 34,37,44,46, 114,108,125,7, 20,93,115,28
SRPT COKHED, 0,0,0,0, 0,0,0,0, 0,0,0,0, 0,0,0,0
LCAL COKHED, 0,0,0, 0,0,0, 0,0,0, 0,0,0, 0,0,0, 0,0,0, 0,0,0, 0,0,0, 0,0,0
DFLT DIAZ
SRPT DIAZ
LCAL DIAZ, 0,0,0, 0,0,0, 0,0,0, 0,0,0, 0,0,0, 0,0,0, 0,0,0, 0,0,0, 0,0,0
DFLT DIEGO
SRPT DIEGO
LCAL DIEGO, 0,0,0, 0,0,0, 0,0,0, 0,0,0, 0,0,0, 0,0,0, 0,0,0, 0,0,0, 0,0,0
DFLT FLMCRW, 94,1,98,0, 80,120,4,0, 117,57,64,0, 59,7,85,0, 15,84,98,0, 5,3,59,0, 17,94,13,0, 23,84,7,0, 71,6,1,0
SRPT FLMCRW, 0,0,0,0, 0,0,0,0, 0,0,0,0, 0,0,0,0
LCAL FLMCRW, 0,0,0, 0,0,0, 0,0,0, 0,0,0, 0,0,0, 0,0,0, 0,0,0, 0,0,0, 0,0,0
DFLT GTR1
SRPT GTR1
LCAL GTR1, 0,0,0, 0,0,0, 0,0,0, 0,0,0, 0,0,0, 0,0,0, 0,0,0, 0,0,0, 0,0,0
DFLT GONZ
SRPT GONZ
LCAL GONZ, 0,0,0, 0,0,0, 0,0,0, 0,0,0, 0,0,0, 0,0,0, 0,0,0, 0,0,0, 0,0,0
DFLT HITMAN
SRPT HITMAN
LCAL HITMAN, 0,0,0, 0,0,0, 0,0,0, 0,0,0, 0,0,0, 0,0,0, 0,0,0, 0,0,0, 0,0,0
DFLT GTR2
SRPT GTR2
LCAL GTR2, 0,0,0, 0,0,0, 0,0,0, 0,0,0, 0,0,0, 0,0,0, 0,0,0, 0,0,0, 0,0,0
DFLT JERRY
SRPT JERRY
LCAL JERRY, 0,0,0, 0,0,0, 0,0,0, 0,0,0, 0,0,0, 0,0,0, 0,0,0, 0,0,0, 0,0,0
DFLT LANSM
SRPT LANSM
LCAL LANSM, 0,0,0, 0,0,0, 0,0,0, 0,0,0, 0,0,0, 0,0,0, 0,0,0, 0,0,0, 0,0,0
DFLT LANST
SRPT LANST
LCAL LANST, 0,0,0, 0,0,0, 0,0,0, 0,0,0, 0,0,0, 0,0,0, 0,0,0, 0,0,0, 0,0,0
DFLT LOU
SRPT LOU
LCAL LOU, 0,0,0, 0,0,0, 0,0,0, 0,0,0, 0,0,0, 0,0,0, 0,0,0, 0,0,0, 0,0,0
DFLT PHCOL2
SRPT PHCOL2
LCAL PHCOL2, 0,0,0, 0,0,0, 0,0,0, 0,0,0, 0,0,0, 0,0,0, 0,0,0, 0,0,0, 0,0,0
DFLT LOUB
SRPT LOUB
LCAL LOUB, 0,0,0, 0,0,0, 0,0,0, 0,0,0, 0,0,0, 0,0,0, 0,0,0, 0,0,0, 0,0,0
DFLT LOUM
SRPT LOUM
LCAL LOUM, 0,0,0, 0,0,0, 0,0,0, 0,0,0, 0,0,0, 0,0,0, 0,0,0, 0,0,0, 0,0,0
DFLT MARTY
SRPT MARTY
LCAL MARTY, 0,0,0, 0,0,0, 0,0,0, 0,0,0, 0,0,0, 0,0,0, 0,0,0, 0,0,0, 0,0,0
DFLT SHPKPR3, 67,55,0,110, 20,126,0,78, 97,117,0,95, 92,94,0,103, 82,7,0,15, 97,117,0,89, 13,61,0,121, 7,118,0,79, 14,67,0,8
SRPT SHPKPR3, 0,0,0,0, 0,0,0,0, 0,0,0,0, 0,0,0,0
LCAL SHPKPR3, 0,0,0, 0,0,0, 0,0,0, 0,0,0, 0,0,0, 0,0,0, 0,0,0, 0,0,0, 0,0,0
DFLT GAYBIA, 73,28,0,0, 78,85,0,0, 46,99,0,0, 61,10,0,0, 67,124,0,0, 79,87,0,0, 2,28,0,0, 98,50,0,0, 46,39,0,0
SRPT GAYBIA
LCAL GAYBIA, 0,0,0, 0,0,0, 0,0,0, 0,0,0, 0,0,0, 0,0,0, 0,0,0, 0,0,0, 0,0,0
DFLT GAYBIB, 73,28,0,0, 78,85,0,0, 46,99,0,0, 61,10,0,0, 67,124,0,0, 79,87,0,0, 2,28,0,0, 98,50,0,0, 46,39,0,0
SRPT GAYBIB
LCAL GAYBIB, 0,0,0, 0,0,0, 0,0,0, 0,0,0, 0,0,0, 0,0,0, 0,0,0, 0,0,0, 0,0,0
DFLT PHCOL
SRPT PHCOL
LCAL PHCOL, 0,0,0, 0,0,0, 0,0,0, 0,0,0, 0,0,0, 0,0,0, 0,0,0, 0,0,0, 0,0,0
DFLT PHIL
SRPT PHIL
LCAL PHIL, 0,0,0, 0,0,0, 0,0,0, 0,0,0, 0,0,0, 0,0,0, 0,0,0, 0,0,0, 0,0,0
DFLT RENI
SRPT RENI
LCAL RENI, 0,0,0, 0,0,0, 0,0,0, 0,0,0, 0,0,0, 0,0,0, 0,0,0, 0,0,0, 0,0,0
DFLT RENOP
SRPT RENOP
LCAL RENOP, 0,0,0, 0,0,0, 0,0,0, 0,0,0, 0,0,0, 0,0,0, 0,0,0, 0,0,0, 0,0,0
DFLT ROBBER, 61,61,1,127, 89,117,77,123, 8,6,84,125, 121,94,97,121, 23,23,117,110, 60,79,125,117, 14,11,85,127, 97,8,2,98, 7,7,15,127
SRPT ROBBER, 0,0,0,0, 0,0,0,0, 0,0,0,0, 0,0,0,0
LCAL ROBBER, 0,0,0, 0,0,0, 0,0,0, 0,0,0, 0,0,0, 0,0,0, 0,0,0, 0,0,0, 0,0,0
DFLT SARGE
SRPT SARGE
LCAL SARGE, 0,0,0, 0,0,0, 0,0,0, 0,0,0, 0,0,0, 0,0,0, 0,0,0, 0,0,0, 0,0,0
DFLT SHOPKPR, 67,55,0,98, 28,126,0,78, 124,117,0,0, 92,94,0,101, 82,7,0,46, 102,117,0,0, 13,61,0,98, 35,118,0,79, 7,67,0,126
SRPT SHOPKPR, 0,0,0,0, 0,0,0,0, 0,0,0,0, 0,0,0,0
LCAL SHOPKPR, 0,0,0, 0,0,0, 0,0,0, 0,0,0, 0,0,0, 0,0,0, 0,0,0, 0,0,0, 0,0,0
DFLT UMBER
SRPT UMBER
LCAL UMBER, 0,0,0, 0,0,0, 0,0,0, 0,0,0, 0,0,0, 0,0,0, 0,0,0, 0,0,0, 0,0,0
DFLT ZOMA, 98,70,68,0, 125,94,123,0, 46,25,69,0, 12,64,94,0, 95,109,14,0, 120,5,113,0, 7,108,57,0, 20,118,97,0, 72,108,60,0
SRPT ZOMA, 0,0,0,0, 0,0,0,0, 0,0,0,0, 0,0,0,0
LCAL ZOMA, 0,0,0, 0,0,0, 0,0,0, 0,0,0, 0,0,0, 0,0,0, 0,0,0, 0,0,0, 0,0,0
DFLT PLR2
SRPT PLR2
LCAL PLR2, 0,0,0, 0,0,0, 0,0,0, 0,0,0, 0,0,0, 0,0,0, 0,0,0, 0,0,0, 0,0,0
DFLT PLR3
SRPT PLR3
LCAL PLR3, 0,0,0, 0,0,0, 0,0,0, 0,0,0, 0,0,0, 0,0,0, 0,0,0, 0,0,0, 0,0,0
DFLT PLR4
SRPT PLR4
LCAL PLR4, 0,0,0, 0,0,0, 0,0,0, 0,0,0, 0,0,0, 0,0,0, 0,0,0, 0,0,0, 0,0,0
DFLT PLR5
SRPT PLR5
LCAL PLR5, 0,0,0, 0,0,0, 0,0,0, 0,0,0, 0,0,0, 0,0,0, 0,0,0, 0,0,0, 0,0,0
DFLT PLR6
SRPT PLR6
LCAL PLR6, 0,0,0, 0,0,0, 0,0,0, 0,0,0, 0,0,0, 0,0,0, 0,0,0, 0,0,0, 0,0,0
DFLT PLR7
SRPT PLR7
LCAL PLR7, 0,0,0, 0,0,0, 0,0,0, 0,0,0, 0,0,0, 0,0,0, 0,0,0, 0,0,0, 0,0,0
DFLT PLR8
SRPT PLR8
LCAL PLR8, 0,0,0, 0,0,0, 0,0,0, 0,0,0, 0,0,0, 0,0,0, 0,0,0, 0,0,0, 0,0,0
DFLT PLR9
SRPT PLR9
LCAL PLR9, 0,0,0, 0,0,0, 0,0,0, 0,0,0, 0,0,0, 0,0,0, 0,0,0, 0,0,0, 0,0,0
DFLT PLR10
SRPT PLR10
LCAL PLR10, 0,0,0, 0,0,0, 0,0,0, 0,0,0, 0,0,0, 0,0,0, 0,0,0, 0,0,0, 0,0,0
DFLT PLR11
SRPT PLR11
LCAL PLR11, 0,0,0, 0,0,0, 0,0,0, 0,0,0, 0,0,0, 0,0,0, 0,0,0, 0,0,0, 0,0,0
DFLT PLR12
SRPT PLR12
LCAL PLR12, 0,0,0, 0,0,0, 0,0,0, 0,0,0, 0,0,0, 0,0,0, 0,0,0, 0,0,0, 0,0,0
DFLT PLR13
SRPT PLR13
LCAL PLR13, 0,0,0, 0,0,0, 0,0,0, 0,0,0, 0,0,0, 0,0,0, 0,0,0, 0,0,0, 0,0,0
DFLT PLR14
SRPT PLR14, 0,0,0,0, 0,0,0,0, 0,0,0,0, 0,0,0,0
LCAL PLR14, 0,0,0, 0,0,0, 0,0,0, 0,0,0, 0,0,0, 0,0,0, 0,0,0, 0,0,0, 0,0,0
end